100
100
1	0.6408	0	0.4544	0	0	0	0	0	0	0	0	0	0	0	0	0	0	0	0	0.8662	0.7779	0	0	0	0	0	0	0	0.1539	0	0	0	0	0	0	0.1493	0	0	0	0	0	0	0	0	0	0	0	0	0	0	0	0	0	0	0	0	0	0.2739	0	0	0	0.9175	0	0	0	0	0	0	0	0	0	0	0	0	0	0	0	0	0	0	0	0	0	0.8968	0	0	0.3111	0	0	0	0	0	0	0	0	0	0	0	0
0	1	0	0	0	0	0.7175	0	0.5967	0	0	0	0	0	0	0	0	0	0.2062	0	0	0	0	0	0	0.8765	0	0	0	0	0	0.6266	0	0	0	0.8697	0	0	0	0	0	0	0	0	0	0	0	0	0	0	0	0	0	0	0	0	0	0	0	0	0	0	0	0	0	0	0	0	0	0	0	0	0	0	0	0.0833	0	0	0	0	0	0	0	0	0	0	0	0	0.5922	0	0.6395	0.5295	0	0	0	0	0	0	0	0
0	0	1	0	0	0	0	0	0	0	0.7962	0	0	0.6833	0	0	0	0	0	0	0	0	0	0	0.4247	0	0	0	0	0	0	0	0	0	0	0	0	0	0	0	0	0.6535	0	0	0	0	0	0.4074	0	0	0	0	0	0	0	0	0	0	0	0	0.4895	0	0	0	0	0	0	0	0	0	0	0.6985	0	0	0	0	0	0	0.2376	0	0	0	0.4938	0	0	0	0	0	0	0	0	0	0	0	0	0	0.4827	0	0	0
0	0.2876	0.5392	1	0	0	0	0	0	0	0.275	0.4589	0.7924	0	0	0	0.5401	0.4042	0	0	0	0	0	0	0	0	0	0	0	0	0	0	0	0	0	0	0	0	0	0	0	0	0	0	0	0	0	0	0	0	0	0	0	0	0	0	0	0	0	0	0	0	0	0	0	0.2851	0	0	0	0	0	0	0.8753	0	0	0	0	0	0	0	0	0	0	0	0	0	0	0	0	0	0	0	0	0.38	0	0	0	0	0	0
0	0.7518	0	0	1	0	0	0	0	0	0	0	0	0	0	0	0	0.4708	0	0	0	0	0	0	0	0	0.1954	0.4401	0	0	0	0	0	0.8019	0	0	0	0	0	0	0	0	0	0.8753	0	0	0	0	0	0	0	0	0	0	0	0	0	0	0	0	0	0	0	0	0	0	0	0	0	0	0	0	0	0	0	0	0.3991	0	0	0	0	0	0	0	0	0	0.1171	0	0	0	0	0	0	0	0.1884	0	0	0.9203	0	0
0	0	0	0	0	1	0	0	0	0	0	0	0	0	0	0	0	0	0	0	0	0	0.2885	0	0.3039	0	0	0.0745	0	0	0	0	0	0	0	0	0	0	0	0	0.9696	0.4915	0	0.4494	0	0	0	0	0	0	0	0	0	0	0	0	0	0	0	0	0	0	0	0	0	0	0	0	0	0	0.9147	0	0	0	0	0	0	0	0.7829	0	0	0	0	0	0	0	0	0	0	0	0	0.5777	0	0	0	0	0.8503	0	0	0
0	0	0	0	0	0	1	0.4896	0	0	0	0	0	0	0	0	0	0	0	0.6683	0	0	0	0	0	0	0	0	0	0	0.7827	0.825	0	0	0	0.2235	0	0	0	0	0	0	0.6219	0	0	0	0	0	0	0	0	0	0	0	0	0.467	0	0	0	0	0	0	0	0	0	0	0.5244	0	0	0	0.9361	0	0	0	0	0	0	0	0	0	0	0	0	0	0	0	0	0	0.3689	0	0	0	0	0	0	0	0	0	0	0
0	0	0	0	0	0	0	1	0	0	0	0	0	0	0.2575	0	0	0	0	0	0	0	0	0	0	0	0	0	0	0	0	0.9893	0.3933	0	0	0.2671	0	0.3156	0	0	0	0	0	0	0	0	0	0.5231	0	0	0	0	0	0	0	0	0	0	0	0.0083	0	0	0	0.0975	0.2189	0	0	0	0	0	0	0	0	0	0	0	0	0	0	0	0	0	0	0	0	0	0	0	0	0	0	0	0	0	0	0.522	0	0	0	0
0	0	0	0	0	0	0	0	1	0.6172	0	0.5479	0	0	0	0	0	0	0	0	0	0	0	0	0	0	0.1395	0	0	0	0.0851	0	0	0	0	0	0	0	0.3974	0	0	0	0	0	0	0	0	0	0	0	0	0	0	0	0.2195	0	0	0	0	0	0	0	0	0	0	0	0	0	0	0	0.891	0	0	0	0	0	0.471	0	0	0	0	0	0.7187	0	0	0	0.8599	0	0	0	0	0	0	0	0	0	0	0	0	0
0	0	0	0	0	0.4777	0	0.4812	0	1	0	0	0	0	0	0	0.784	0.6949	0	0	0	0	0	0.2126	0	0	0	0	0	0	0	0	0	0	0	0	0.0657	0	0	0	0	0	0	0	0	0	0	0	0	0	0	0	0	0	0	0	0.2999	0	0	0	0	0	0.9811	0	0	0	0	0	0	0	0	0	0	0	0.0863	0	0	0	0	0	0	0	0	0	0	0	0	0	0	0	0	0	0	0	0	0	0	0.2852	0	0
0	0	0	0	0	0	0	0	0.5536	0	1	0.4875	0.0398	0	0	0	0	0	0	0	0	0	0	0	0	0	0	0	0	0	0	0	0	0	0	0	0	0	0	0	0	0	0	0	0	0.3441	0	0	0	0	0	0	0	0	0	0	0	0	0	0	0.0667	0	0	0	0	0	0	0	0	0	0	0	0	0	0	0	0	0	0	0	0	0	0	0.526	0.1645	0.8872	0	0	0	0	0	0	0	0	0	0	0.7962	0.2185	0	0
0	0	0	0	0	0	0	0	0.2047	0	0	1	0	0	0.3366	0	0	0	0	0.4342	0	0	0	0	0	0	0	0	0	0	0	0	0	0	0	0	0	0	0	0	0	0	0	0	0	0	0.4811	0	0	0	0	0	0.2839	0	0	0	0	0	0	0	0	0	0	0	0	0	0	0	0	0.3636	0	0	0.5429	0.6465	0	0	0	0	0	0	0.5249	0	0.975	0	0	0	0	0	0	0	0	0	0	0	0	0	0	0	0	0
0	0	0	0	0	0	0	0	0	0	0	0	1	0	0	0	0	0	0	0	0	0	0	0.4352	0	0	0	0	0	0	0	0	0	0	0	0	0	0	0	0.5346	0	0	0	0	0	0	0	0	0	0.8617	0	0.1755	0	0	0	0	0	0	0	0	0	0	0	0	0	0	0	0	0.1417	0.1545	0	0	0	0	0	0	0	0	0	0	0	0.5175	0	0	0.5105	0	0	0	0	0	0	0	0	0	0	0	0.296	0.0397	0	0
0	0	0.3133	0	0	0.627	0	0	0	0	0	0	0	1	0	0	0	0	0	0	0	0	0	0	0.6395	0	0.7263	0.499	0	0	0	0	0	0	0	0	0	0	0	0	0	0	0	0	0	0	0	0	0	0	0	0	0	0	0	0	0	0	0	0	0	0.6249	0	0	0	0	0.9605	0	0	0	0	0	0	0	0	0	0	0	0	0	0	0.7616	0	0.4896	0	0	0	0	0	0	0	0	0	0	0	0	0	0	0	0.9296
0	0	0	0	0	0	0	0	0	0	0	0.3295	0.9822	0.0148	1	0	0	0	0	0.6425	0.9443	0	0.1389	0	0	0	0	0	0	0	0	0	0.8635	0	0	0	0	0	0	0	0	0	0	0	0	0	0	0	0	0	0	0	0	0	0	0	0	0	0	0	0	0	0	0	0.4033	0	0	0	0	0	0	0	0	0	0	0	0	0	0.1855	0	0	0	0	0	0	0	0	0	0	0	0	0	0	0	0	0.7696	0	0	0	0
0	0	0	0	0	0	0	0.2352	0	0	0	0	0	0	0	1	0	0	0	0	0	0	0	0.9309	0	0	0.8547	0	0	0	0.323	0	0	0	0	0	0	0	0	0	0	0	0	0	0.7735	0	0	0	0.3562	0	0	0	0	0.7025	0	0	0	0	0	0	0	0	0	0	0	0	0	0	0	0	0.7235	0	0	0	0	0	0	0.7435	0	0	0	0	0	0	0	0	0.3204	0	0	0	0	0	0	0	0	0	0	0	0	0
0	0	0	0	0.0315	0	0	0	0	0.784	0	0	0.1506	0	0	0	1	0	0	0	0	0	0.4434	0	0	0	0	0	0	0	0	0	0	0	0	0	0	0	0	0	0	0	0.4246	0	0	0.8211	0	0	0	0	0	0	0	0	0	0.303	0	0	0	0	0	0	0	0	0	0	0	0	0	0	0	0	0	0.646	0	0	0.7997	0	0	0	0	0	0.5992	0	0	0	0	0	0	0	0	0	0	0	0	0	0	0	0	0
0	0	0	0	0	0	0	0	0	0	0	0.586	0	0	0	0	0	1	0	0	0	0	0	0.1159	0.5869	0	0	0	0	0.5287	0	0	0	0.7641	0	0	0	0.3757	0	0	0	0	0	0	0	0	0	0	0	0	0	0	0	0	0	0	0	0	0	0.0445	0	0	0	0	0	0	0	0	0	0.1719	0	0	0	0	0	0	0	0	0	0	0	0.6219	0	0	0	0	0	0	0	0	0	0	0	0	0	0	0.0402	0	0	0
0	0	0	0	0	0	0.6756	0	0	0.8886	0	0	0	0	0	0	0	0	1	0.4814	0	0	0	0.7626	0	0	0	0	0	0	0	0	0	0	0	0	0	0	0	0	0	0	0	0	0	0	0	0	0	0	0	0	0	0	0.1482	0	0	0	0	0.3255	0	0	0	0	0	0	0	0	0	0	0	0	0	0.9253	0	0	0	0.608	0	0.6387	0	0	0	0	0	0	0	0	0	0	0.8459	0	0	0	0	0	0	0	0	0
0	0	0	0	0	0	0	0	0.6268	0	0	0	0	0	0	0.4454	0	0	0	1	0	0	0	0	0	0	0	0	0	0	0.3249	0	0	0	0	0	0	0	0	0	0.8913	0	0	0	0	0	0	0	0	0	0.2517	0	0	0	0	0	0	0	0	0	0	0	0	0	0	0	0	0	0	0	0	0	0	0	0	0.0583	0	0	0	0	0	0.9272	0	0	0	0	0.3718	0.146	0	0	0	0.8366	0	0	0	0	0	0	0	0
0.7272	0	0	0	0	0.656	0	0	0	0	0	0	0	0	0	0	0	0	0	0	1	0	0	0	0	0	0	0	0	0	0	0	0	0	0	0	0.3606	0.7514	0.2361	0	0	0	0	0.7069	0	0	0	0	0	0.8326	0	0	0	0	0.7709	0	0	0.4266	0	0	0	0	0	0	0	0	0	0	0	0	0	0	0	0	0	0	0	0	0	0	0	0	0	0	0	0	0	0	0.6677	0	0	0	0	0	0	0	0	0	0	0
0	0	0	0	0	0	0.0797	0	0	0	0	0	0	0	0	0	0	0	0	0	0.5407	1	0.196	0	0	0	0	0	0	0	0	0.813	0	0	0	0	0	0	0	0	0	0	0	0	0.2035	0	0.5858	0	0	0	0	0	0	0	0	0	0	0	0	0	0	0	0	0.5515	0.5041	0	0	0	0	0	0	0	0	0	0	0	0	0	0	0	0	0	0	0	0	0	0.7228	0	0	0	0	0	0	0	0	0.714	0	0	0	0
0	0	0	0	0	0	0	0	0	0	0	0	0	0.8313	0	0	0	0	0	0	0	0	1	0	0.7923	0.3144	0	0	0	0	0	0	0	0	0	0	0	0	0	0	0	0	0	0	0	0	0	0	0	0	0	0.5085	0	0	0	0	0	0	0	0	0	0	0	0	0.356	0	0	0	0	0	0.444	0.699	0	0	0	0	0	0	0.8596	0	0	0	0	0	0	0	0.9725	0	0	0	0	0	0	0	0	0	0	0	0.8736	0
0	0	0	0	0	0	0	0	0	0	0	0	0.2093	0	0	0	0	0	0	0	0	0	0	1	0	0	0	0	0	0	0.3679	0	0	0	0	0	0	0	0	0	0	0	0	0	0	0.9939	0	0	0	0	0	0	0	0.8969	0	0.2481	0	0	0	0	0	0	0	0	0.4721	0	0	0	0	0	0.8076	0	0	0	0	0	0	0	0	0	0	0	0	0.2671	0	0	0	0	0	0	0	0	0	0	0.7842	0	0	0	0.5817	0
0.6573	0	0	0	0	0	0	0	0	0	0	0	0	0	0	0	0	0	0.5057	0	0	0	0	0	1	0	0	0	0	0	0	0	0	0	0	0	0	0	0	0	0	0.8979	0	0	0	0	0	0	0	0.8122	0	0	0	0	0	0	0	0	0	0	0	0	0	0	0	0	0	0	0	0	0.7024	0	0	0	0	0	0.3955	0	0	0	0	0	0	0	0	0	0	0	0.5988	0	0	0	0.4811	0.7241	0	0	0	0	0	0.3713
0	0	0	0	0	0	0	0	0	0	0	0	0	0	0	0	0.3298	0	0	0	0	0	0	0	0	1	0	0	0	0.8955	0.134	0	0.3008	0	0	0	0	0	0	0	0	0	0	0	0	0	0.4162	0	0	0	0	0	0	0	0	0	0.2148	0	0	0	0	0	0	0	0	0	0	0	0.7258	0	0	0	0	0	0	0	0	0	0	0.5054	0	0	0	0	0	0	0	0	0	0	0	0	0.6559	0	0	0	0	0	0.4115	0
0	0	0	0	0	0	0	0	0.6094	0	0	0	0	0	0	0	0	0	0.1979	0	0	0	0	0	0.7477	0.5052	1	0.9904	0	0	0	0	0	0	0	0	0	0	0	0	0.577	0	0	0	0	0	0	0	0	0	0	0	0	0	0	0	0	0	0	0	0	0	0	0	0	0	0.5213	0	0	0.4535	0	0	0	0	0	0	0	0	0	0	0	0	0	0	0	0	0	0	0.066	0	0	0	0	0	0	0	0	0	0.0048	0
0	0	0	0	0	0	0	0	0.9432	0	0	0	0	0.0983	0	0	0	0	0	0	0	0	0	0	0	0	0	1	0	0	0	0	0	0	0	0	0.9573	0.3033	0	0	0	0	0	0	0	0	0	0	0	0.4751	0	0	0.2101	0	0	0	0	0.1522	0	0	0	0	0	0	0	0	0.7483	0	0.8575	0	0	0	0	0	0	0	0	0	0	0	0.099	0	0	0	0	0	0	0	0	0	0	0	0	0	0	0	0	0	0	0
0	0	0	0	0	0	0.1993	0	0	0	0	0.345	0	0	0	0	0.3121	0	0	0	0	0	0	0	0	0	0	0	1	0	0.8557	0.756	0	0	0	0	0	0	0	0	0	0	0	0	0	0	0	0	0	0	0	0	0	0	0.8338	0	0	0	0	0	0	0	0	0	0	0	0	0	0	0	0	0	0	0	0.3622	0	0	0	0.846	0	0	0	0	0	0	0	0.3365	0	0	0.9218	0	0	0	0	0	0	0	0	0	0
0.6415	0	0	0	0	0	0	0	0	0	0	0	0	0	0.7579	0	0	0	0	0	0	0	0	0	0	0	0	0	0	1	0.1868	0	0	0	0	0	0	0.7943	0	0	0	0	0	0	0	0	0	0	0	0	0	0	0	0	0	0	0	0	0.5643	0	0.6213	0	0	0	0	0	0	0.2549	0	0	0	0	0	0	0	0	0	0	0	0	0	0	0.9108	0	0	0.3234	0	0	0	0	0	0.036	0	0	0	0	0	0	0	0
0	0	0	0.4715	0	0.3882	0	0	0	0	0	0	0	0	0	0	0	0	0	0	0	0	0	0	0	0.3311	0.675	0	0	0	1	0	0	0	0	0	0	0	0	0	0	0	0	0	0	0.9185	0	0.4189	0	0	0	0	0	0	0	0	0	0	0	0	0	0	0.6171	0	0	0	0	0	0.1069	0	0	0	0	0	0	0	0	0	0	0	0	0	0	0	0	0	0	0	0	0.9724	0	0	0	0	0	0	0	0	0	0.9769
0	0	0	0	0	0	0	0	0.586	0	0	0	0	0	0	0	0	0	0	0	0.2023	0	0	0	0	0	0	0.7714	0	0	0	1	0	0	0	0	0	0	0	0	0	0	0.72	0	0	0	0	0.0513	0.0604	0	0	0	0	0	0	0	0	0	0	0	0	0	0	0	0	0	0	0.6364	0	0	0	0	0	0	0	0	0	0	0	0	0	0	0	0	0	0	0.9761	0	0	0	0	0	0	0	0.5124	0	0.303	0	0	0
0.428	0	0	0	0	0	0	0	0	0	0	0	0	0	0	0	0	0	0	0	0	0	0	0	0	0	0	0	0.0848	0	0	0	1	0	0	0	0	0	0	0	0	0	0	0	0	0	0	0.4261	0	0	0	0.2329	0	0	0	0	0	0	0	0	0	0	0	0.6195	0	0	0	0	0	0	0	0.6454	0	0	0	0	0	0	0	0	0	0	0	0.5215	0	0	0.9905	0	0	0	0	0	0	0.2301	0	0	0.4171	0	0	0
0	0	0	0	0	0	0	0	0	0.2764	0	0	0	0	0	0	0.8787	0	0	0	0	0	0	0	0	0	0	0	0	0.3053	0	0	0.1278	1	0.958	0	0	0	0	0	0	0	0	0	0	0	0	0	0	0	0	0	0	0	0	0	0	0	0.2901	0	0	0	0	0	0	0	0	0	0.9506	0	0	0	0	0.8882	0	0	0	0	0	0	0	0	0	0	0	0.2267	0	0	0	0	0.1318	0	0	0	0	0	0	0	0	0
0	0	0	0	0	0	0	0	0	0	0	0	0	0	0.0989	0	0	0	0	0	0	0	0	0.5843	0	0	0.0737	0	0	0	0	0	0	0	1	0.9233	0	0	0	0	0.4745	0	0	0	0	0	0	0.5341	0	0	0	0	0	0	0	0	0	0	0.5629	0	0	0	0	0	0	0	0	0.4244	0	0	0	0	0	0	0	0	0	0	0	0	0	0	0	0.7063	0	0	0	0	0	0	0	0	0	0	0	0	0	0	0	0.6299
0	0.3198	0	0.1929	0	0	0	0	0	0	0	0	0	0	0	0	0	0	0	0	0	0.1024	0	0.4651	0	0	0.8355	0	0	0	0	0	0	0	0.4508	1	0	0	0	0	0	0	0	0	0	0	0	0	0	0	0	0	0	0.7366	0	0	0	0	0	0	0	0	0	0	0	0	0	0	0	0	0	0	0	0	0	0	0.5899	0.1888	0	0	0	0.3798	0	0	0	0	0	0	0	0	0	0	0	0	0	0	0	0	0	0
0	0	0	0	0	0	0	0	0	0	0.8744	0	0	0	0	0	0.1438	0	0	0	0	0	0.4677	0	0	0	0	0	0	0	0	0	0	0	0	0	1	0	0	0	0.0113	0	0	0	0	0	0	0	0	0	0	0	0	0	0	0	0.077	0	0	0	0	0	0	0	0	0	0	0	0	0	0	0	0	0	0.7158	0	0	0.5467	0	0	0	0.8484	0	0	0	0	0	0	0	0	0.5769	0	0	0	0	0	0	0.9761	0	0
0	0	0	0	0.7295	0	0	0.961	0	0	0	0.3958	0	0	0	0	0	0	0	0	0.4256	0	0	0	0	0	0	0	0	0	0	0	0	0	0	0	0	1	0.7017	0	0	0	0	0	0	0	0	0	0	0	0.5713	0	0	0	0	0	0	0	0	0	0	0	0	0	0	0	0	0.9126	0	0	0	0	0	0	0	0	0	0	0	0	0	0	0	0	0	0	0.2354	0	0.427	0	0	0	0	0	0	0	0	0	0.2735	0
0	0	0	0	0	0.455	0	0	0.3964	0	0	0	0	0	0	0	0	0	0	0	0.795	0	0	0.4995	0	0.0061	0	0	0.7502	0	0	0	0.7422	0	0	0	0	0	1	0	0	0	0	0	0	0	0	0	0	0	0	0	0	0	0.645	0	0	0	0	0	0	0	0	0	0	0	0	0	0	0	0	0	0	0.8622	0	0	0	0	0	0	0.7558	0	0	0	0	0	0	0	0	0	0	0	0	0	0	0	0	0	0	0
0.7318	0	0	0	0	0	0	0	0	0	0	0	0	0	0.2471	0	0	0	0	0	0	0	0.9768	0	0	0.8053	0	0	0	0	0	0	0	0	0	0	0	0.2776	0	1	0.2552	0	0	0	0	0	0	0	0	0	0	0	0	0	0	0	0	0	0	0.1124	0	0	0	0	0	0	0	0	0	0.9082	0.8591	0	0	0	0	0	0	0	0	0	0	0	0	0	0	0	0	0	0	0	0	0.19	0	0	0	0	0	0	0	0
0	0	0.9896	0	0	0	0.37	0	0	0	0	0	0	0	0	0	0	0	0	0	0	0	0	0.2472	0	0	0	0	0	0.6984	0	0	0	0	0	0.5012	0.6725	0	0.3766	0	1	0	0	0	0	0	0	0	0	0	0	0	0	0	0	0	0	0	0	0	0	0	0.1032	0.8607	0	0	0	0	0	0	0	0	0	0	0	0	0	0	0	0	0.4627	0	0	0	0	0	0	0	0	0	0	0	0	0	0	0	0	0	0	0
0	0	0	0	0	0	0	0	0	0	0	0	0	0	0	0	0	0	0	0	0	0	0	0.9416	0	0	0	0	0	0	0	0	0	0	0	0	0	0	0.6243	0.5089	0	1	0	0	0	0	0	0	0	0	0.523	0	0	0	0	0	0	0	0	0	0	0	0	0	0	0	0	0	0	0.242	0	0	0	0	0	0	0	0	0	0	0.3397	0	0.2732	0.7352	0	0	0	0	0	0	0	0	0.748	0.9391	0	0	0	0	0	0
0	0	0	0	0	0	0	0	0	0	0	0	0	0	0.7314	0.3746	0	0	0	0	0	0	0	0	0	0	0	0	0	0.6283	0	0	0	0	0	0	0	0	0	0	0	0	1	0	0	0	0	0	0	0	0	0	0	0	0	0	0	0	0	0	0.4188	0	0	0.2799	0	0	0	0	0	0	0	0	0	0.8005	0	0	0	0	0	0	0.8683	0	0	0	0	0.5535	0	0	0	0	0	0	0	0.0024	0	0.8206	0	0	0	0
0	0	0	0	0	0	0	0	0.7113	0	0	0	0	0	0	0	0	0.1565	0	0.5703	0.5715	0	0.3496	0	0	0	0	0	0	0.643	0	0	0	0	0	0	0	0	0	0	0	0	0	1	0	0	0	0	0	0	0	0	0	0	0	0	0.0144	0	0.0046	0	0	0	0	0	0	0	0	0	0	0	0	0.4657	0	0	0	0	0	0	0	0	0	0	0	0	0.8782	0	0	0	0	0	0	0	0	0	0	0	0	0	0	0
0	0	0	0	0	0	0	0	0	0	0	0	0	0	0	0	0	0	0	0	0.9454	0	0	0	0	0	0.7198	0	0	0	0	0	0	0	0	0.8077	0	0	0	0	0	0	0	0	1	0	0	0	0	0	0	0	0	0	0	0	0	0	0	0.0374	0	0	0.8191	0	0	0	0	0	0	0	0	0	0	0	0	0	0	0	0.1531	0.6959	0.5166	0	0.7496	0	0	0	0.8555	0	0	0	0	0	0	0	0	0	0	0	0	0
0	0	0.3042	0	0	0	0	0.3361	0.5284	0.2127	0.9553	0	0	0	0	0	0	0	0	0	0	0	0	0	0	0	0	0	0	0	0.8848	0	0	0	0	0	0	0	0	0	0	0	0	0	0	1	0	0	0	0	0	0	0	0	0	0	0	0	0.486	0	0	0	0.8138	0	0	0	0	0	0	0	0	0	0	0	0	0.2783	0	0	0	0	0	0	0	0	0	0	0	0	0	0	0	0	0	0	0	0	0	0	0	0.7124
0	0	0	0	0	0	0	0	0	0	0	0	0	0	0	0	0	0	0	0.7625	0	0.3124	0	0	0	0.1318	0	0	0	0	0	0	0	0	0	0	0	0	0.3718	0	0.9373	0	0	0	0	0	1	0	0	0	0.6484	0	0	0	0	0	0.3383	0	0	0	0	0	0	0	0	0	0	0.0508	0	0	0.6501	0	0	0	0	0	0	0	0	0	0	0	0	0	0	0	0	0	0	0	0	0	0	0	0.1375	0	0	0	0	0
0	0	0	0.4425	0	0	0.7906	0.0864	0	0	0.6488	0	0	0	0	0	0.2638	0.5277	0	0	0	0	0	0	0	0	0	0	0	0.5118	0	0	0	0	0	0	0	0	0	0	0	0	0	0	0	0	0	1	0.1775	0	0	0	0	0	0	0	0	0	0	0	0	0	0	0	0	0	0	0	0	0	0	0	0	0	0	0.8371	0	0	0	0	0	0	0	0	0	0	0	0	0	0	0	0	0	0	0	0	0	0	0	0.7195
0	0	0	0	0	0	0	0	0	0	0	0	0.2381	0	0	0	0	0	0	0	0	0.492	0	0	0	0	0	0	0	0.6155	0	0	0	0	0	0	0	0	0	0	0	0	0.2713	0	0	0	0.747	0	1	0	0	0	0	0	0	0	0	0	0	0	0	0.5529	0	0	0.5051	0	0	0	0	0.5316	0	0	0	0	0	0	0	0	0	0	0	0	0	0	0	0	0	0	0	0	0	0.5766	0	0	0	0	0	0	0	0.7334
0	0	0.4567	0	0	0	0	0	0	0	0	0	0	0.9344	0.7471	0	0	0	0	0	0	0	0	0	0	0	0	0	0	0	0	0.9365	0	0	0	0	0	0	0	0	0	0	0	0	0	0.2379	0	0	0	1	0	0	0.0311	0	0	0	0	0	0	0	0	0	0	0.3683	0	0	0.7311	0	0	0	0	0	0.4124	0	0	0	0	0	0	0	0	0	0	0	0	0	0	0	0	0	0	0	0	0	0	0	0	0	0	0.5332
0	0	0.7683	0	0	0	0	0	0	0	0	0	0	0	0	0	0.2964	0	0	0	0	0	0.0604	0	0	0	0	0	0	0	0	0.7695	0	0	0	0	0	0	0	0	0	0	0	0	0.1715	0	0	0	0	0	1	0	0	0	0	0	0	0.8394	0	0	0	0	0	0	0	0	0	0.8225	0	0	0	0	0	0	0	0	0	0	0	0	0	0	0	0	0	0.8191	0	0	0	0	0	0	0	0.7212	0	0	0	0	0	0.8718
0	0	0	0	0	0	0.6599	0.6631	0	0	0	0	0.0324	0	0	0	0	0	0	0	0	0	0	0	0.2019	0	0	0	0	0	0	0	0	0.7763	0.9305	0.7299	0	0	0	0	0	0.4899	0	0	0	0	0	0	0	0	0	1	0	0	0	0	0	0	0	0	0	0	0	0	0	0	0	0	0	0	0	0	0	0	0	0	0	0	0.9887	0	0	0	0	0	0	0.177	0	0	0	0	0	0	0	0	0	0	0	0	0	0
0	0	0	0	0	0	0	0	0	0	0.8124	0	0	0	0	0	0	0	0	0	0	0	0	0	0.8693	0	0	0	0	0	0	0.9923	0	0	0	0	0	0	0	0	0	0	0	0	0.4272	0	0	0	0	0	0	0	1	0.3916	0	0	0	0.3428	0.0165	0	0	0.4926	0	0	0	0	0	0	0	0	0	0	0	0	0	0	0	0	0	0	0	0	0	0	0	0.6934	0	0	0	0	0.3083	0	0	0	0	0	0	0	0	0
0	0	0	0	0.3387	0	0	0.6733	0	0	0	0	0	0	0	0	0	0	0	0	0	0	0	0	0	0.8917	0	0	0	0	0	0	0	0	0	0	0	0.2487	0	0	0	0	0	0	0	0	0	0	0.0361	0	0	0	0	1	0.5472	0	0	0	0	0	0	0	0	0.8377	0	0	0	0	0	0	0	0	0	0	0	0	0.0778	0	0	0	0	0	0	0	0	0	0	0	0	0.9301	0	0	0	0	0	0	0.4405	0	0	0
0	0	0	0	0	0	0	0	0	0	0	0	0	0	0	0	0	0	0	0	0	0	0	0	0	0	0	0	0	0	0	0	0	0	0	0	0.0627	0	0.4087	0	0	0	0	0	0	0	0.1655	0.9539	0	0.3074	0.1606	0	0.1587	0	1	0	0	0	0	0	0	0	0	0	0	0	0	0	0	0	0	0.7274	0	0	0	0	0	0.9839	0	0	0	0	0	0	0	0	0	0	0.3717	0	0	0	0	0	0	0	0	0	0	0
0	0	0	0	0	0	0.1975	0	0	0	0	0	0	0	0	0	0	0	0	0	0.1099	0	0	0	0	0	0	0	0	0	0	0	0	0.2799	0	0	0.8631	0	0	0	0.7949	0	0	0	0	0	0	0	0	0	0	0	0	0	0	1	0.1478	0	0	0	0	0	0	0	0	0	0.8825	0.8274	0	0	0	0	0	0	0	0	0	0	0	0	0	0	0	0	0	0	0	0	0	0	0	0	0	0	0.0086	0	0	0.1668	0	0
0	0	0	0	0.8729	0	0	0	0	0.8649	0	0	0	0	0.5593	0	0	0	0.7941	0	0	0	0	0	0.7984	0	0	0	0	0	0	0	0	0	0	0	0	0	0	0.2272	0	0	0	0	0.5362	0	0	0	0.176	0	0	0	0	0	0	0	1	0	0	0	0	0	0	0	0	0	0	0	0	0.6922	0	0	0	0	0	0	0	0	0	0	0	0	0	0	0	0	0	0	0	0	0	0	0	0	0.2857	0	0	0	0	0
0.3448	0	0.5809	0	0	0	0	0	0	0	0	0	0	0	0	0	0.2609	0	0	0	0	0	0	0	0	0	0	0	0	0	0	0	0	0	0	0	0	0	0	0	0	0	0	0	0	0	0	0	0	0.2437	0	0	0.8161	0	0	0.0195	0	1	0	0	0	0	0	0	0	0	0	0	0	0	0.4408	0.9744	0	0	0	0.4068	0	0	0.801	0	0	0	0	0	0	0	0	0	0	0	0	0	0	0	0	0	0	0	0	0
0	0	0	0	0	0	0.9981	0	0	0	0	0	0	0	0	0	0	0	0	0	0	0	0	0	0	0	0	0	0	0	0	0.7375	0	0	0	0	0	0	0	0	0	0	0.8193	0	0	0	0	0	0	0.1542	0	0	0.3818	0	0	0	0	0	1	0	0	0	0	0	0	0	0	0	0	0	0	0	0	0	0	0.3885	0	0	0.8083	0.6255	0	0	0	0	0	0	0.395	0	0	0	0	0	0	0	0	0.831	0	0	0	0
0	0.4831	0.453	0	0	0	0.8905	0	0	0	0	0	0.1504	0	0	0	0	0	0	0	0	0	0	0	0	0	0	0.7303	0	0	0	0	0.9551	0	0	0	0	0	0	0	0	0	0	0	0	0	0	0	0	0	0	0	0	0	0	0	0	0	0	1	0	0	0	0	0	0	0	0	0	0	0	0	0	0	0	0	0	0	0	0	0.6869	0	0	0.4522	0.7625	0.1248	0	0	0	0	0	0	0	0	0	0	0	0	0	0
0	0	0	0	0	0	0	0	0	0	0	0	0	0.8697	0	0	0.6606	0.8923	0	0	0	0	0	0.3965	0	0	0	0	0	0	0	0	0	0	0	0.4154	0	0	0	0	0	0	0	0	0	0	0	0	0	0	0	0	0.7922	0	0	0	0	0	0	0	1	0	0	0	0	0	0	0.426	0	0	0	0	0	0	0	0	0	0	0	0.3638	0	0	0	0	0	0	0	0	0.1957	0	0	0	0	0.6953	0	0	0	0	0	0
0	0	0	0	0	0	0	0.9277	0	0	0	0	0	0	0	0	0	0	0	0	0	0	0	0	0	0	0	0	0	0	0	0	0.2889	0	0	0	0.2768	0	0	0	0	0	0	0	0.0274	0	0	0	0.8814	0	0	0	0	0	0	0	0	0	0	0	0	1	0	0.8118	0	0	0.2893	0	0	0	0	0	0	0	0.2525	0	0	0	0	0	0	0	0	0	0	0	0	0.6267	0	0	0	0	0	0	0	0	0	0	0.4059	0
0	0	0	0.3087	0	0	0	0	0.4832	0	0	0	0	0	0	0	0	0	0	0	0	0	0	0	0	0	0	0	0	0	0.254	0	0	0.861	0	0	0	0	0	0.7335	0	0	0	0	0	0	0	0	0	0	0	0.5426	0	0	0	0	0	0	0	0	0	0	1	0	0	0	0	0	0	0.0627	0	0	0	0	0	0	0	0	0	0	0	0	0	0	0	0	0	0	0	0.0405	0.7128	0	0	0	0	0	0	0.3434	0	0
0	0	0	0	0	0	0	0	0	0	0	0	0	0	0	0	0.2985	0	0	0	0	0	0	0	0.1997	0	0	0	0.8712	0	0	0	0	0	0	0	0	0	0	0	0	0	0	0.9883	0.5534	0	0	0	0	0	0	0.7993	0.9971	0	0	0	0	0	0	0	0	0	0.9479	1	0	0	0	0	0	0	0	0	0	0.6663	0	0	0	0	0	0	0	0	0	0.1981	0	0	0	0	0	0	0	0	0	0	0	0	0	0	0	0
0.8655	0	0	0	0	0	0	0	0	0	0	0	0	0	0	0	0	0	0	0	0	0	0.7359	0	0	0	0	0	0.4333	0.9641	0	0	0	0.9739	0	0	0	0	0	0	0	0	0	0	0	0	0.5038	0	0.4732	0	0	0	0	0	0	0	0	0	0	0	0	0	0	0	1	0	0	0	0	0	0.2171	0.6951	0	0	0	0.4454	0	0	0	0	0	0	0	0	0	0	0	0	0	0	0	0	0	0	0	0	0	0	0	0
0	0	0	0.057	0	0	0	0	0	0.4676	0	0	0	0	0	0.5138	0	0	0	0	0	0	0	0	0	0	0.96	0	0	0	0	0	0	0	0	0	0	0	0	0	0	0	0	0	0	0	0.8985	0	0	0	0	0	0	0	0	0	0	0	0	0	0.9226	0	0	0	0	1	0	0	0	0.9873	0	0	0	0	0	0	0	0	0	0	0	0	0	0	0.8152	0	0	0	0	0	0	0	0	0	0.4261	0	0	0	0.4408	0
0	0	0.1715	0	0	0	0	0	0	0	0	0	0	0.2866	0	0.1792	0	0	0	0	0	0.3525	0	0	0	0	0	0	0	0.4611	0	0.2811	0	0	0	0	0	0	0	0	0	0	0	0	0	0	0	0	0	0	0	0	0	0	0	0	0	0	0	0	0	0	0	0	0	0	1	0	0	0	0	0	0	0	0	0	0	0	0	0	0	0	0	0	0	0.2273	0.0117	0	0.3807	0	0	0	0	0	0	0	0	0	0.1719	0
0	0	0	0	0.7994	0	0	0	0	0	0	0	0	0	0	0	0	0	0	0.4814	0.0627	0.6262	0	0	0	0.4094	0	0	0	0	0	0	0	0	0	0	0	0	0	0	0	0	0	0	0	0	0	0	0	0	0	0	0	0	0	0	0	0	0	0	0	0	0	0	0.9028	0	0	1	0	0.663	0	0	0	0.0716	0	0	0	0	0	0	0.6007	0	0	0	0	0	0	0	0	0	0	0.1942	0	0	0	0	0	0	0	0
0.94	0.4741	0	0	0	0	0	0	0	0	0	0	0	0	0	0	0	0.6177	0	0	0	0	0	0	0	0	0	0	0	0	0	0	0	0	0	0	0	0	0	0	0	0	0	0	0	0	0	0	0	0	0	0	0	0	0	0	0	0.5141	0	0	0	0	0	0	0	0	0	0	1	0	0	0	0	0	0	0	0	0	0.6396	0	0	0	0.4071	0	0	0	0	0	0	0	0	0.0169	0	0	0.029	0	0.4171	0.5564	0	0
0	0	0	0	0	0	0	0	0.8455	0	0.8118	0	0	0	0	0	0	0	0	0	0	0.3902	0	0	0	0	0	0	0	0	0	0	0	0	0	0	0	0	0	0	0.3396	0	0	0.3621	0	0	0	0	0	0	0	0	0	0	0	0	0	0	0	0	0	0	0	0	0	0	0	0	0	1	0	0	0	0	0	0	0	0.9558	0	0	0.846	0	0	0	0	0	0	0	0	0.0066	0	0	0	0	0	0	0	0.3686	0.8752	0
0	0.2059	0	0	0	0	0	0	0	0	0	0	0.395	0	0	0	0	0.8343	0	0	0.8375	0	0	0.6818	0	0	0.833	0	0	0	0	0	0	0.7826	0	0	0	0	0	0	0	0	0	0	0	0	0	0	0	0	0	0	0	0	0.412	0	0	0	0	0	0	0	0	0	0	0	0	0	0	0.7329	1	0.403	0	0	0	0	0	0	0	0	0	0	0	0	0	0	0	0	0	0	0	0	0	0	0	0	0	0	0	0
0	0	0	0	0	0	0.0151	0	0	0	0	0	0	0	0	0.9491	0	0	0	0	0	0.8346	0	0	0	0	0.7195	0.6594	0.1186	0	0	0	0	0	0	0	0	0	0	0	0	0	0	0	0	0	0	0	0	0	0	0	0	0	0	0	0	0	0	0	0	0	0.099	0	0	0	0	0	0.7221	0	0	1	0	0	0	0	0	0	0	0	0	0	0	0	0	0	0	0	0.1533	0	0	0	0	0	0	0	0.4328	0	0	0
0.4131	0	0.2164	0	0	0	0	0	0	0	0.2688	0	0	0	0.7238	0	0	0	0	0	0	0	0	0	0	0	0	0	0	0	0	0	0	0	0	0	0	0	0	0	0	0	0	0	0	0	0.0801	0	0.6332	0	0	0	0	0	0	0	0	0	0	0	0	0	0	0	0.3973	0	0	0.1613	0	0	0.6507	0	1	0	0	0	0	0	0	0	0	0	0	0	0.7693	0	0	0	0	0	0	0	0	0	0	0	0	0	0	0
0	0	0	0	0	0	0	0	0	0	0	0	0	0	0	0	0	0	0	0	0	0	0	0	0	0	0	0.0668	0.7226	0	0.089	0	0.9296	0.7087	0.5962	0	0	0	0	0	0	0.6274	0	0	0	0	0	0	0	0	0	0	0	0	0	0	0	0	0	0	0	0	0	0	0	0	0	0	0	0.0371	0	0	0	1	0	0.2585	0.9052	0	0	0	0	0	0	0	0	0	0	0	0	0	0	0	0	0	0	0	0	0	0	0
0	0	0	0	0.1338	0	0	0	0	0	0	0	0	0	0	0.7123	0	0.6317	0	0	0	0	0	0	0	0	0	0	0	0	0	0.2709	0	0	0	0	0	0	0	0	0	0	0	0	0	0.1364	0	0	0	0	0	0	0	0	0	0	0	0	0	0	0	0	0	0	0	0	0	0	0	0	0.2393	0	0.2704	0	1	0	0	0.7821	0	0	0.749	0	0	0	0	0	0	0	0	0	0	0	0	0	0.566	0	0	0	0	0
0	0	0.1676	0	0	0.998	0	0	0	0.5238	0	0	0	0	0	0	0	0	0	0	0	0	0	0	0	0	0	0	0	0	0	0	0	0	0	0	0	0	0	0.2327	0.6378	0	0	0	0	0	0	0	0	0	0	0	0	0	0	0	0	0	0	0	0	0	0	0	0	0	0	0	0	0	0.9416	0	0	0	0	1	0.4878	0	0	0	0.5841	0	0	0	0	0	0.2034	0	0	0	0	0	0	0	0	0	0	0	0.8776	0
0	0	0	0	0	0	0	0.1629	0	0	0	0	0	0	0	0	0	0	0	0	0.455	0	0	0	0	0	0	0	0	0	0	0	0	0	0	0	0	0	0	0.8057	0	0.6628	0	0.5439	0	0	0	0	0	0	0	0	0	0	0	0	0	0	0	0	0	0	0	0	0.9797	0	0	0.4586	0	0	0.3732	0	0	0	0	0	1	0	0	0	0	0	0	0.6317	0	0	0	0	0	0	0	0	0	0.9377	0	0	0	0	0	0
0	0	0	0	0	0	0	0	0	0	0	0	0	0	0.3836	0	0	0	0	0	0	0.7279	0	0	0	0	0	0	0	0	0	0	0.342	0	0	0	0	0	0	0	0	0	0	0	0	0	0	0	0	0.7395	0	0	0	0	0.823	0	0	0	0	0	0	0.7469	0	0	0	0	0	0	0	0	0.1068	0	0	0	0	0	0	1	0	0	0	0	0	0	0	0	0	0	0	0.106	0	0	0	0	0.099	0.9796	0	0	0	0
0.4925	0	0	0.6515	0	0	0	0	0	0	0	0.9205	0	0	0	0	0	0	0.3876	0	0	0	0	0	0.5244	0	0	0	0	0	0	0	0	0	0	0	0	0	0.8446	0	0	0	0	0	0	0	0	0	0	0.7882	0.3903	0	0	0	0	0	0	0	0	0	0	0	0	0.2604	0	0	0	0	0	0	0	0	0	0	0	0	0	0	1	0	0	0	0	0	0	0	0	0	0	0	0	0	0	0	0.3759	0	0	0	0	0
0	0	0	0	0	0.297	0	0	0	0.2151	0	0.5262	0	0	0	0	0	0	0.4986	0	0	0	0	0	0	0	0	0	0	0.9919	0	0	0	0	0	0	0	0	0	0.3668	0	0	0.9779	0	0	0	0	0	0	0.6141	0	0	0	0	0	0	0	0	0	0	0	0	0	0	0	0	0	0	0	0	0	0	0	0	0	0	0	0	0	1	0	0	0	0	0	0	0	0	0.2197	0.553	0	0	0	0	0	0	0	0	0	0
0	0	0.505	0	0	0	0	0.3035	0	0	0.718	0	0.0807	0	0	0	0	0	0	0	0	0	0	0	0	0	0	0	0	0	0	0	0	0	0	0	0	0	0.2294	0	0	0	0	0	0	0	0	0.7478	0	0.2298	0	0	0.5202	0	0	0	0	0	0	0	0	0	0	0	0	0	0	0	0	0	0	0	0	0	0	0.144	0	0	0	0	1	0	0	0	0	0	0	0	0	0	0	0.044	0	0	0	0	0	0	0	0
0	0	0	0	0.025	0	0.32	0	0	0	0	0	0	0	0	0	0	0	0	0	0	0	0	0	0	0	0	0	0	0	0	0.3313	0	0	0	0	0	0	0	0	0	0.3616	0.87	0	0.5559	0	0	0	0	0	0.8412	0	0.1163	0	0.0436	0	0	0	0	0	0	0	0	0	0	0	0	0	0	0	0	0	0	0	0	0	0	0	0	0	0	1	0	0	0	0	0	0	0	0	0	0	0	0	0	0	0	0	0.6468	0
0	0	0	0	0	0	0.5605	0	0.1049	0	0.8302	0.0493	0	0	0	0	0	0	0	0	0	0	0	0.6116	0	0	0	0	0	0	0	0	0	0	0	0	0	0	0	0	0.8927	0	0	0	0	0	0	0.0405	0	0	0	0	0	0	0	0	0	0	0	0	0	0	0	0	0	0	0	0.6891	0	0	0	0	0	0.3133	0	0	0	0	0	0	0	0	1	0.6875	0	0	0	0	0	0	0	0	0	0	0	0	0	0	0	0
0	0	0	0	0	0	0	0	0	0	0	0.5682	0	0	0	0.4872	0	0.6281	0.7091	0.3431	0	0	0	0	0	0	0	0	0	0	0	0	0	0.4866	0	0	0	0	0	0	0	0	0	0	0	0	0	0	0	0.3344	0	0	0	0	0	0	0	0	0	0	0	0	0	0	0	0	0	0.1498	0	0	0	0	0	0	0	0	0	0	0.8054	0	0	0	0	1	0	0	0	0	0	0	0	0	0.5826	0	0	0	0	0	0	0
0	0.0807	0	0	0	0.3829	0	0	0	0	0	0	0	0	0.7489	0	0	0	0	0	0	0	0	0	0	0	0	0.0474	0	0	0	0	0	0	0	0	0	0	0	0	0	0	0	0	0	0	0	0	0	0.076	0	0	0	0	0	0	0	0	0	0	0	0.1872	0	0	0	0	0	0.4796	0	0	0.8827	0.5085	0	0	0	0.2799	0	0	0	0	0	0	0	0	1	0	0	0	0	0	0	0	0	0	0	0	0	0	0	0
0	0	0	0.9988	0	0.5511	0	0	0	0	0	0	0	0	0	0	0	0	0	0	0	0.3889	0	0	0	0	0	0	0	0.1712	0	0	0	0	0	0	0	0	0.5435	0	0	0	0	0	0	0	0	0.6956	0	0	0	0	0	0	0	0.1553	0	0	0.7224	0	0	0	0	0	0	0	0.3626	0	0	0	0	0	0	0	0	0	0	0	0	0	0	0	0	0	0	1	0.6127	0	0	0	0	0	0	0	0	0	0	0	0	0
0	0	0	0	0	0	0	0	0	0	0	0	0	0	0	0	0	0	0.9291	0	0	0.3506	0	0	0	0	0	0	0	0	0	0	0	0	0	0	0.0561	0	0	0	0.1879	0	0.3668	0	0	0	0.2666	0	0	0	0	0.1128	0	0.3932	0	0	0	0	0	0	0	0	0	0	0	0	0	0	0	0	0	0	0	0	0	0	0	0	0	0	0	0	0	0	0	0	1	0	0	0.2677	0	0	0	0	0	0	0	0	0	0.1153
0.4457	0	0	0	0	0	0	0.6475	0	0	0.4886	0	0	0	0	0	0	0	0.561	0	0.0416	0	0	0	0	0	0	0	0.286	0	0	0	0	0	0	0	0	0	0.8016	0	0	0	0	0	0	0	0	0	0	0	0	0	0	0	0	0	0	0	0	0	0	0	0	0	0	0	0	0	0	0	0	0	0	0	0	0	0	0	0	0	0	0	0	0	0	0	0.2711	1	0.1898	0	0.4795	0	0	0	0	0	0	0	0	0
0	0	0	0	0	0	0	0	0	0	0	0	0	0	0	0	0	0	0	0	0	0	0	0	0	0	0	0	0.5564	0	0	0	0.2527	0	0	0.4647	0	0	0	0	0	0	0	0	0.6105	0	0	0	0	0	0	0	0	0	0	0	0.1789	0.5882	0	0	0	0	0.9597	0	0	0	0.3647	0	0.4345	0	0	0	0	0	0	0	0	0	0	0	0	0	0	0	0	0	0	0	1	0	0	0.1355	0	0	0	0	0	0	0	0
0	0	0	0	0	0.0859	0	0	0	0	0	0	0	0	0	0	0	0.5934	0	0	0	0	0	0	0	0	0	0	0	0	0	0	0	0	0	0	0	0	0	0.1932	0	0	0	0	0.4778	0.7077	0.2071	0	0	0	0	0	0	0.9383	0	0	0	0	0	0	0	0	0	0	0	0	0	0	0	0	0	0	0.9349	0	0	0	0	0	0	0	0	0	0	0	0	0.8686	0	0	0	1	0.0907	0	0	0	0	0	0	0	0	0
0.5014	0	0	0	0	0	0	0	0	0	0	0	0	0	0	0	0	0	0.4231	0.5278	0	0	0.406	0	0	0	0	0	0	0	0	0	0.4363	0.9573	0	0	0	0	0	0	0	0	0	0	0	0	0	0	0	0	0	0	0	0	0	0	0	0	0	0	0	0	0	0	0	0	0	0	0	0	0	0	0.4955	0	0	0	0	0	0	0	0	0	0	0	0	0	0	0.9885	0.1303	0	1	0	0	0	0	0.028	0	0	0	0
0	0	0	0	0	0	0	0	0	0	0	0	0.2985	0	0	0	0	0	0	0	0	0	0	0	0	0	0	0.6451	0	0	0.0174	0	0	0	0	0	0	0	0	0	0.487	0	0	0	0.7328	0.2963	0	0	0.9059	0	0	0	0	0	0	0.0142	0	0	0	0	0	0	0	0	0	0	0	0	0	0.5597	0	0	0	0	0	0	0	0	0	0	0	0	0	0	0	0	0	0	0	0.1334	0	1	0	0	0	0	0	0	0	0
0	0	0	0	0.0678	0	0	0	0	0.1765	0	0	0	0	0	0	0	0	0	0	0	0	0	0	0	0	0	0	0	0	0	0	0	0	0	0	0	0	0	0	0	0	0.0927	0.7811	0	0	0	0	0	0	0	0	0	0	0	0	0	0	0.4707	0	0	0.4851	0	0	0	0	0	0	0	0	0	0	0.2427	0	0.0671	0	0	0	0.0052	0	0.2424	0	0	0	0	0	0	0	0	0	0	0	1	0	0	0	0	0	0	0
0.842	0	0	0	0	0	0.6243	0	0	0	0	0	0	0	0	0	0	0	0	0	0	0	0	0	0	0	0.2102	0.7583	0	0	0	0	0	0.8278	0	0	0	0.0136	0	0	0	0	0.1102	0	0	0	0	0	0	0	0	0.9214	0	0	0	0	0	0	0	0	0	0.9383	0	0.8429	0	0	0	0	0	0	0	0	0	0	0	0	0	0	0	0	0	0	0	0	0	0	0	0	0	0	0	0	0	1	0	0	0	0	0	0
0.3826	0	0	0	0	0	0	0	0	0.066	0	0	0	0	0	0	0	0	0	0	0	0	0	0	0	0	0	0	0	0	0	0.9915	0.6966	0	0	0	0	0.7931	0	0	0	0	0	0	0	0	0	0	0	0	0	0	0	0	0	0	0	0	0	0	0	0.9808	0	0	0	0	0	0	0	0	0	0	0	0	0	0	0	0.58	0	0.4831	0	0	0.4455	0.5996	0	0	0	0	0	0	0	0	0	0	1	0	0	0	0	0
0	0	0	0	0.288	0	0	0	0	0	0	0	0	0	0	0	0	0	0	0.5208	0	0.5172	0	0	0	0	0	0	0.1616	0	0	0	0	0	0	0	0	0	0	0.4974	0	0.2879	0	0	0	0	0	0	0	0	0	0	0.6182	0	0	0	0	0	0	0	0	0	0	0	0	0	0	0	0	0	0	0	0	0	0	0.0801	0	0	0	0	0.6303	0	0	0	0	0	0	0	0	0	0	0	0	0	0	1	0	0	0	0.1351
0	0	0	0	0	0	0	0	0	0	0.6017	0	0	0	0	0	0	0	0.8517	0	0	0	0	0	0	0	0	0	0	0	0	0.7517	0	0	0	0	0	0	0	0	0	0	0	0	0	0	0	0	0	0.7491	0	0	0	0	0	0	0.2027	0	0	0	0	0	0	0	0	0	0	0	0	0	0	0	0	0	0	0	0.9088	0	0	0	0	0.9221	0.3417	0	0	0	0	0	0	0.3459	0	0	0	0	0	0	1	0.06	0	0
0	0	0	0	0	0	0	0	0	0	0	0	0	0	0	0	0	0	0	0	0	0	0	0	0	0.4015	0	0	0	0	0	0	0	0.5037	0	0	0	0.5297	0	0	0	0	0	0	0	0	0.7025	0	0	0	0	0	0.6524	0	0.4267	0.4885	0	0	0	0	0	0	0	0	0	0	0	0	0	0	0	0	0	0	0	0	0	0	0	0	0.9097	0	0	0	0	0	0.5156	0	0.5068	0	0	0	0	0	0	0	0	1	0	0
0.4918	0	0	0	0	0	0	0	0	0	0	0.5364	0	0	0	0	0	0	0	0	0	0	0	0	0.2859	0	0	0	0	0	0	0	0	0	0	0	0	0	0	0	0	0	0	0	0	0.423	0	0	0	0	0	0	0	0	0	0	0	0	0	0	0	0	0	0	0	0	0	0.7387	0	0	0	0	0	0	0	0	0	0	0.5713	0	0.9287	0.1808	0	0	0	0	0	0	0	0	0.1663	0	0	0.5667	0	0	0	0	1	0
0	0	0	0	0.545	0	0	0	0	0	0.5775	0	0	0	0	0	0	0.4082	0	0	0	0	0	0	0	0	0	0	0	0	0	0	0	0	0	0	0	0	0.0425	0	0	0	0	0	0	0	0	0	0	0	0	0	0	0	0	0	0	0.5257	0.307	0	0	0	0	0	0	0	0	0	0	0	0.6968	0.4051	0	0	0.7046	0	0	0	0	0	0	0	0	0	0	0	0	0	0	0	0	0	0	0	0	0	0	0	0.2607	1
1.9045	2.2695	0	1.5774	0	0	0	0	0	0	0	0	0	0	0	0	0	0	0	0	1.6572	2.2016	0	0	0	0	0	0	0	1.3381	0	0	0	0	0	0	1.8204	0	0	0	0	0	0	0	0	0	0	0	0	0	0	0	0	0	0	0	0	0	2.1376	0	0	0	2.5271	0	0	0	0	0	0	0	0	0	0	0	0	0	0	0	0	0	0	0	0	0	1.141	0	0	1.103	0	0	0	0	0	0	0	0	0	0	0	0
0	2.2695	0	0	0	0	1.9985	0	2.2241	0	0	0	0	0	0	0	0	0	1.6579	0	0	0	0	0	0	1.625	0	0	0	0	0	2.1255	0	0	0	2.2389	0	0	0	0	0	0	0	0	0	0	0	0	0	0	0	0	0	0	0	0	0	0	0	0	0	0	0	0	0	0	0	0	0	0	0	0	0	0	0	1.2923	0	0	0	0	0	0	0	0	0	0	0	0	2.7015	0	1.2994	1.6449	0	0	0	0	0	0	0	0
0	0	1.983	0	0	0	0	0	0	0	2.2991	0	0	1.6041	0	0	0	0	0	0	0	0	0	0	1.9843	0	0	0	0	0	0	0	0	0	0	0	0	0	0	0	0	1.4837	0	0	0	0	0	2.1285	0	0	0	0	0	0	0	0	0	0	0	0	1.7235	0	0	0	0	0	0	0	0	0	0	2.9268	0	0	0	0	0	0	2.7575	0	0	0	2.058	0	0	0	0	0	0	0	0	0	0	0	0	0	2.9758	0	0	0
0	2.2695	1.983	1.5774	0	0	0	0	0	0	2.2991	2.2534	1.8252	0	0	0	1.1859	2.6054	0	0	0	0	0	0	0	0	0	0	0	0	0	0	0	0	0	0	0	0	0	0	0	0	0	0	0	0	0	0	0	0	0	0	0	0	0	0	0	0	0	0	0	0	0	0	0	2.9825	0	0	0	0	0	0	1.7835	0	0	0	0	0	0	0	0	0	0	0	0	0	0	0	0	0	0	0	0	1.9516	0	0	0	0	0	0
0	2.2695	0	0	1.589	0	0	0	0	0	0	0	0	0	0	0	0	2.6054	0	0	0	0	0	0	0	0	2.9462	2.7637	0	0	0	0	0	1.5966	0	0	0	0	0	0	0	0	0	1.1707	0	0	0	0	0	0	0	0	0	0	0	0	0	0	0	0	0	0	0	0	0	0	0	0	0	0	0	0	0	0	0	0	1.0714	0	0	0	0	0	0	0	0	0	1.8891	0	0	0	0	0	0	0	2.1182	0	0	2.1098	0	0
0	0	0	0	0	1.1291	0	0	0	0	0	0	0	0	0	0	0	0	0	0	0	0	2.4477	0	1.9843	0	0	2.7637	0	0	0	0	0	0	0	0	0	0	0	0	1.8172	1.4837	0	1.1707	0	0	0	0	0	0	0	0	0	0	0	0	0	0	0	0	0	0	0	0	0	0	0	0	0	0	2.3323	0	0	0	0	0	0	0	2.7575	0	0	0	0	0	0	0	0	0	0	0	0	1.6449	0	0	0	0	2.9758	0	0	0
0	0	0	0	0	0	1.9985	1.8661	0	0	0	0	0	0	0	0	0	0	0	2.3124	0	0	0	0	0	0	0	0	0	0	1.2965	2.1255	0	0	0	2.2389	0	0	0	0	0	0	2.5032	0	0	0	0	0	0	0	0	0	0	0	0	1.5339	0	0	0	0	0	0	0	0	0	0	1.5626	0	0	0	2.3323	0	0	0	0	0	0	0	0	0	0	0	0	0	0	0	0	0	2.7015	0	0	0	0	0	0	0	0	0	0	0
0	0	0	0	0	0	0	1.8661	0	0	0	0	0	0	1.8297	0	0	0	0	0	0	0	0	0	0	0	0	0	0	0	0	2.1255	2.7342	0	0	2.2389	0	1.5259	0	0	0	0	0	0	0	0	0	2.1285	0	0	0	0	0	0	0	0	0	0	0	1.4545	0	0	0	1.1055	1.1041	0	0	0	0	0	0	0	0	0	0	0	0	0	0	0	0	0	0	0	0	0	0	0	0	0	0	0	0	0	0	1.0866	0	0	0	0
0	0	0	0	0	0	0	0	2.2241	2.0949	0	2.2534	0	0	0	0	0	0	0	0	0	0	0	0	0	0	2.9462	0	0	0	1.2965	0	0	0	0	0	0	0	2.9815	0	0	0	0	0	0	0	0	0	0	0	0	0	0	0	2.2543	0	0	0	0	0	0	0	0	0	0	0	0	0	0	0	2.3323	0	0	0	0	0	1.0714	0	0	0	0	0	2.058	0	0	0	1.8891	0	0	0	0	0	0	0	0	0	0	0	0	0
0	0	0	0	0	1.1291	0	1.8661	0	2.0949	0	0	0	0	0	0	1.1859	2.6054	0	0	0	0	0	2.5213	0	0	0	0	0	0	0	0	0	0	0	0	1.8204	0	0	0	0	0	0	0	0	0	0	0	0	0	0	0	0	0	0	0	1.401	0	0	0	0	0	2.5271	0	0	0	0	0	0	0	0	0	0	0	1.1225	0	0	0	0	0	0	0	0	0	0	0	0	0	0	0	0	0	0	0	0	0	0	2.1098	0	0
0	0	0	0	0	0	0	0	2.2241	0	2.2991	2.2534	1.8252	0	0	0	0	0	0	0	0	0	0	0	0	0	0	0	0	0	0	0	0	0	0	0	0	0	0	0	0	0	0	0	0	1.5758	0	0	0	0	0	0	0	0	0	0	0	0	0	0	1.7235	0	0	0	0	0	0	0	0	0	0	0	0	0	0	0	0	0	0	0	0	0	0	2.8968	1.141	1.6107	0	0	0	0	0	0	0	0	0	0	2.9758	2.1098	0	0
0	0	0	0	0	0	0	0	2.2241	0	0	2.2534	0	0	1.8297	0	0	0	0	2.3124	0	0	0	0	0	0	0	0	0	0	0	0	0	0	0	0	0	0	0	0	0	0	0	0	0	0	1.2887	0	0	0	0	0	1.8203	0	0	0	0	0	0	0	0	0	0	0	0	0	0	0	0	2.9219	0	0	1.7835	2.1863	0	0	0	0	0	0	2.5761	0	2.058	0	0	0	0	0	0	0	0	0	0	0	0	0	0	0	0	0
0	0	0	0	0	0	0	0	0	0	0	0	1.8252	0	0	0	0	0	0	0	0	0	0	2.5213	0	0	0	0	0	0	0	0	0	0	0	0	0	0	0	1.9435	0	0	0	0	0	0	0	0	0	1.7226	0	1.7089	0	0	0	0	0	0	0	0	0	0	0	0	0	0	0	0	2.3644	2.9219	0	0	0	0	0	0	0	0	0	0	0	1.7873	0	0	1.141	0	0	0	0	0	0	0	0	0	0	0	2.9758	2.1098	0	0
0	0	1.983	0	0	1.1291	0	0	0	0	0	0	0	1.6041	0	0	0	0	0	0	0	0	0	0	1.9843	0	2.9462	2.7637	0	0	0	0	0	0	0	0	0	0	0	0	0	0	0	0	0	0	0	0	0	0	0	0	0	0	0	0	0	0	0	0	0	2.6803	0	0	0	0	1.5626	0	0	0	0	0	0	0	0	0	0	0	0	0	0	1.7873	0	2.8968	0	0	0	0	0	0	0	0	0	0	0	0	0	0	0	1.5144
0	0	0	0	0	0	0	0	0	0	0	2.2534	1.8252	1.6041	1.8297	0	0	0	0	2.3124	1.6572	0	2.4477	0	0	0	0	0	0	0	0	0	2.7342	0	0	0	0	0	0	0	0	0	0	0	0	0	0	0	0	0	0	0	0	0	0	0	0	0	0	0	0	0	0	0	1.1041	0	0	0	0	0	0	0	0	0	0	0	0	0	2.7575	0	0	0	0	0	0	0	0	0	0	0	0	0	0	0	0	1.0866	0	0	0	0
0	0	0	0	0	0	0	1.8661	0	0	0	0	0	0	0	1.1583	0	0	0	0	0	0	0	2.5213	0	0	2.9462	0	0	0	1.2965	0	0	0	0	0	0	0	0	0	0	0	0	0	1.5624	0	0	0	2.52	0	0	0	0	1.4224	0	0	0	0	0	0	0	0	0	0	0	0	0	0	0	0	2.3323	0	0	0	0	0	0	1.6827	0	0	0	0	0	0	0	0	1.8891	0	0	0	0	0	0	0	0	0	0	0	0	0
0	0	0	0	1.589	0	0	0	0	2.0949	0	0	1.8252	0	0	0	1.1859	0	0	0	0	0	2.4477	0	0	0	0	0	0	0	0	0	0	0	0	0	0	0	0	0	0	0	2.5032	0	0	1.5758	0	0	0	0	0	0	0	0	0	1.5339	0	0	0	0	0	0	0	0	0	0	0	0	0	0	0	0	0	2.1863	0	0	1.0714	0	0	0	0	0	2.058	0	0	0	0	0	0	0	0	0	0	0	0	0	0	0	0	0
0	0	0	0	0	0	0	0	0	0	0	2.2534	0	0	0	0	0	2.6054	0	0	0	0	0	2.5213	1.9843	0	0	0	0	1.3381	0	0	0	1.5966	0	0	0	1.5259	0	0	0	0	0	0	0	0	0	0	0	0	0	0	0	0	0	0	0	0	0	1.4545	0	0	0	0	0	0	0	0	0	2.9219	0	0	0	0	0	0	0	0	0	0	0	1.7873	0	0	0	0	0	0	0	0	0	0	0	0	0	0	2.9758	0	0	0
0	0	0	0	0	0	1.9985	0	0	2.0949	0	0	0	0	0	0	0	0	1.6579	2.3124	0	0	0	2.5213	0	0	0	0	0	0	0	0	0	0	0	0	0	0	0	0	0	0	0	0	0	0	0	0	0	0	0	0	0	0	2.2543	0	0	0	0	1.4545	0	0	0	0	0	0	0	0	0	0	0	0	0	2.1863	0	0	0	1.6827	0	2.1504	0	0	0	0	0	0	0	0	0	0	1.2994	0	0	0	0	0	0	0	0	0
0	0	0	0	0	0	0	0	2.2241	0	0	0	0	0	0	1.1583	0	0	0	2.3124	0	0	0	0	0	0	0	0	0	0	1.2965	0	0	0	0	0	0	0	0	0	1.8172	0	0	0	0	0	0	0	0	0	2.7901	0	0	0	0	0	0	0	0	0	0	0	0	0	0	0	0	0	0	0	0	0	0	0	0	1.2923	0	0	0	0	0	1.7873	0	0	0	0	1.8891	1.103	0	0	0	1.6449	0	0	0	0	0	0	0	0
1.9045	0	0	0	0	1.1291	0	0	0	0	0	0	0	0	0	0	0	0	0	0	1.6572	0	0	0	0	0	0	0	0	0	0	0	0	0	0	0	1.8204	1.5259	2.9815	0	0	0	0	1.1707	0	0	0	0	0	1.7226	0	0	0	0	2.2543	0	0	2.4981	0	0	0	0	0	0	0	0	0	0	0	0	0	0	0	0	0	0	0	0	0	0	0	0	0	0	0	0	0	0	2.7015	0	0	0	0	0	0	0	0	0	0	0
0	0	0	0	0	0	1.9985	0	0	0	0	0	0	0	0	0	0	0	0	0	1.6572	2.2016	2.4477	0	0	0	0	0	0	0	0	2.1255	0	0	0	0	0	0	0	0	0	0	0	0	1.5624	0	1.2887	0	0	0	0	0	0	0	0	0	0	0	0	0	0	0	0	1.1055	1.1041	0	0	0	0	0	0	0	0	0	0	0	0	0	0	0	0	0	0	0	0	0	1.8891	0	0	0	0	0	0	0	0	1.0866	0	0	0	0
0	0	0	0	0	0	0	0	0	0	0	0	0	1.6041	0	0	0	0	0	0	0	0	2.4477	0	1.9843	1.625	0	0	0	0	0	0	0	0	0	0	0	0	0	0	0	0	0	0	0	0	0	0	0	0	0	1.7089	0	0	0	0	0	0	0	0	0	0	0	0	1.1041	0	0	0	0	0	2.3323	2.9268	0	0	0	0	0	0	2.7575	0	0	0	0	0	0	0	1.8891	0	0	0	0	0	0	0	0	0	0	0	1.3243	0
0	0	0	0	0	0	0	0	0	0	0	0	1.8252	0	0	0	0	0	0	0	0	0	0	2.5213	0	0	0	0	0	0	1.2965	0	0	0	0	0	0	0	0	0	0	0	0	0	0	1.5758	0	0	0	0	0	0	0	1.4224	0	1.5339	0	0	0	0	0	0	0	0	1.1041	0	0	0	0	0	2.3323	0	0	0	0	0	0	0	0	0	0	0	0	2.8968	0	0	0	0	0	0	0	0	0	0	2.1182	0	0	0	1.3243	0
1.9045	0	0	0	0	0	0	0	0	0	0	0	0	0	0	0	0	0	1.6579	0	0	0	0	0	1.9843	0	0	0	0	0	0	0	0	0	0	0	0	0	0	0	0	1.4837	0	0	0	0	0	0	0	1.7226	0	0	0	0	0	0	0	0	0	0	0	0	0	0	0	0	0	0	0	0	2.3323	0	0	0	0	0	1.0714	0	0	0	0	0	0	0	0	0	0	0	2.7015	0	0	0	1.8956	1.9516	0	0	0	0	0	1.5144
0	0	0	0	0	0	0	0	0	0	0	0	0	0	0	0	1.1859	0	0	0	0	0	0	0	0	1.625	0	0	0	1.3381	1.2965	0	2.7342	0	0	0	0	0	0	0	0	0	0	0	0	0	1.2887	0	0	0	0	0	0	0	0	0	1.401	0	0	0	0	0	0	0	0	0	0	0	2.3644	0	0	0	0	0	0	0	0	0	0	2.1504	0	0	0	0	0	0	0	0	0	0	0	0	1.8956	0	0	0	0	0	1.3243	0
0	0	0	0	0	0	0	0	2.2241	0	0	0	0	0	0	0	0	0	1.6579	0	0	0	0	0	1.9843	1.625	2.9462	2.7637	0	0	0	0	0	0	0	0	0	0	0	0	1.8172	0	0	0	0	0	0	0	0	0	0	0	0	0	0	0	0	0	0	0	0	0	0	0	0	0	1.5626	0	0	2.9219	0	0	0	0	0	0	0	0	0	0	0	0	0	0	0	0	0	0	2.7015	0	0	0	0	0	0	0	0	0	1.3243	0
0	0	0	0	0	0	0	0	2.2241	0	0	0	0	1.6041	0	0	0	0	0	0	0	0	0	0	0	0	0	2.7637	0	0	0	0	0	0	0	0	1.8204	1.5259	0	0	0	0	0	0	0	0	0	0	0	1.7226	0	0	1.8203	0	0	0	0	2.4981	0	0	0	0	0	0	0	0	1.5626	0	2.3644	0	0	0	0	0	0	0	0	0	0	0	2.5761	0	0	0	0	0	0	0	0	0	0	0	0	0	0	0	0	0	0	0
0	0	0	0	0	0	1.9985	0	0	0	0	2.2534	0	0	0	0	1.1859	0	0	0	0	0	0	0	0	0	0	0	1.0904	0	1.2965	2.1255	0	0	0	0	0	0	0	0	0	0	0	0	0	0	0	0	0	0	0	0	0	0	2.2543	0	0	0	0	0	0	0	0	0	0	0	0	0	0	0	0	0	0	0	1.1225	0	0	0	2.7575	0	0	0	0	0	0	0	1.8891	0	0	1.9733	0	0	0	0	0	0	0	0	0	0
1.9045	0	0	0	0	0	0	0	0	0	0	0	0	0	1.8297	0	0	0	0	0	0	0	0	0	0	0	0	0	0	1.3381	1.2965	0	0	0	0	0	0	1.5259	0	0	0	0	0	0	0	0	0	0	0	0	0	0	0	0	0	0	0	0	2.1376	0	1.7235	0	0	0	0	0	0	2.043	0	0	0	0	0	0	0	0	0	0	0	0	0	0	2.058	0	0	1.6107	0	0	0	0	0	1.6449	0	0	0	0	0	0	0	0
0	0	0	1.5774	0	1.1291	0	0	0	0	0	0	0	0	0	0	0	0	0	0	0	0	0	0	0	1.625	2.9462	0	0	0	1.2965	0	0	0	0	0	0	0	0	0	0	0	0	0	0	1.5758	0	2.1285	0	0	0	0	0	0	0	0	0	0	0	0	0	0	2.5271	0	0	0	0	0	2.3644	0	0	0	0	0	0	0	0	0	0	0	0	0	0	0	0	0	0	0	0	1.9733	0	0	0	0	0	0	0	0	0	1.5144
0	0	0	0	0	0	0	0	2.2241	0	0	0	0	0	0	0	0	0	0	0	1.6572	0	0	0	0	0	0	2.7637	0	0	0	2.1255	0	0	0	0	0	0	0	0	0	0	2.5032	0	0	0	0	2.1285	2.52	0	0	0	0	0	0	0	0	0	0	0	0	0	0	0	0	0	0	2.043	0	0	0	0	0	0	0	0	0	0	0	0	0	0	0	0	0	0	1.8891	0	0	0	0	0	0	0	2.1182	0	2.9758	0	0	0
1.9045	0	0	0	0	0	0	0	0	0	0	0	0	0	0	0	0	0	0	0	0	0	0	0	0	0	0	0	1.0904	0	0	0	2.7342	0	0	0	0	0	0	0	0	0	0	0	0	0	0	2.1285	0	0	0	1.7089	0	0	0	0	0	0	0	0	0	0	0	1.1055	0	0	0	0	0	0	0	2.9268	0	0	0	0	0	0	0	0	0	0	0	2.8968	0	0	1.8891	0	0	0	0	0	0	1.9516	0	0	2.9758	0	0	0
0	0	0	0	0	0	0	0	0	2.0949	0	0	0	0	0	0	1.1859	0	0	0	0	0	0	0	0	0	0	0	0	1.3381	0	0	2.7342	1.5966	2.2106	0	0	0	0	0	0	0	0	0	0	0	0	0	0	0	0	0	0	0	0	0	0	0	2.1376	0	0	0	0	0	0	0	0	0	2.3644	0	0	0	0	2.1863	0	0	0	0	0	0	0	0	0	0	0	1.6107	0	0	0	0	1.2994	0	0	0	0	0	0	0	0	0
0	0	0	0	0	0	0	0	0	0	0	0	0	0	1.8297	0	0	0	0	0	0	0	0	2.5213	0	0	2.9462	0	0	0	0	0	0	0	2.2106	2.2389	0	0	0	0	1.8172	0	0	0	0	0	0	2.1285	0	0	0	0	0	0	0	0	0	0	2.1376	0	0	0	0	0	0	0	0	2.043	0	0	0	0	0	0	0	0	0	0	0	0	0	0	0	2.8968	0	0	0	0	0	0	0	0	0	0	0	0	0	0	0	1.5144
0	2.2695	0	1.5774	0	0	0	0	0	0	0	0	0	0	0	0	0	0	0	0	0	2.2016	0	2.5213	0	0	2.9462	0	0	0	0	0	0	0	2.2106	2.2389	0	0	0	0	0	0	0	0	0	0	0	0	0	0	0	0	0	1.4224	0	0	0	0	0	0	0	0	0	0	0	0	0	0	0	0	0	0	0	0	0	0	1.0714	1.6827	0	0	0	1.7873	0	0	0	0	0	0	0	0	0	0	0	0	0	0	0	0	0	0
0	0	0	0	0	0	0	0	0	0	2.2991	0	0	0	0	0	1.1859	0	0	0	0	0	2.4477	0	0	0	0	0	0	0	0	0	0	0	0	0	1.8204	0	0	0	1.8172	0	0	0	0	0	0	0	0	0	0	0	0	0	0	0	1.401	0	0	0	0	0	0	0	0	0	0	0	0	0	0	0	0	0	1.1225	0	0	1.6827	0	0	0	1.7873	0	0	0	0	0	0	0	0	1.2994	0	0	0	0	0	0	2.1098	0	0
0	0	0	0	1.589	0	0	1.8661	0	0	0	2.2534	0	0	0	0	0	0	0	0	1.6572	0	0	0	0	0	0	0	0	0	0	0	0	0	0	0	0	1.5259	2.9815	0	0	0	0	0	0	0	0	0	0	0	2.7901	0	0	0	0	0	0	0	0	0	0	0	0	0	0	0	0	2.043	0	0	0	0	0	0	0	0	0	0	0	0	0	0	0	0	0	0	1.8891	0	2.7015	0	0	0	0	0	0	0	0	0	1.3243	0
0	0	0	0	0	1.1291	0	0	2.2241	0	0	0	0	0	0	0	0	0	0	0	1.6572	0	0	2.5213	0	1.625	0	0	1.0904	0	0	0	2.7342	0	0	0	0	0	2.9815	0	0	0	0	0	0	0	0	0	0	0	0	0	0	0	2.2543	0	0	0	0	0	0	0	0	0	0	0	0	0	0	0	0	0	0	2.1863	0	0	0	0	0	0	2.5761	0	0	0	0	0	0	0	0	0	0	0	0	0	0	0	0	0	0	0
1.9045	0	0	0	0	0	0	0	0	0	0	0	0	0	1.8297	0	0	0	0	0	0	0	2.4477	0	0	1.625	0	0	0	0	0	0	0	0	0	0	0	1.5259	0	1.9435	1.8172	0	0	0	0	0	0	0	0	0	0	0	0	0	0	0	0	0	0	1.4545	0	0	0	0	0	0	0	0	0	2.9219	2.3323	0	0	0	0	0	0	0	0	0	0	0	0	0	0	0	0	0	0	0	0	1.6449	0	0	0	0	0	0	0	0
0	0	1.983	0	0	0	1.9985	0	0	0	0	0	0	0	0	0	0	0	0	0	0	0	0	2.5213	0	0	0	0	0	1.3381	0	0	0	0	0	2.2389	1.8204	0	2.9815	0	1.8172	0	0	0	0	0	0	0	0	0	0	0	0	0	0	0	0	0	0	0	0	0	2.5271	1.1055	0	0	0	0	0	0	0	0	0	0	0	0	0	0	0	0	2.5761	0	0	0	0	0	0	0	0	0	0	0	0	0	0	0	0	0	0	0
0	0	0	0	0	0	0	0	0	0	0	0	0	0	0	0	0	0	0	0	0	0	0	2.5213	0	0	0	0	0	0	0	0	0	0	0	0	0	0	2.9815	1.9435	0	1.4837	0	0	0	0	0	0	0	0	2.7901	0	0	0	0	0	0	0	0	0	0	0	0	0	0	0	0	0	0	2.9219	0	0	0	0	0	0	0	0	0	0	2.5761	0	2.058	2.8968	0	0	0	0	0	0	0	0	1.8956	1.9516	0	0	0	0	0	0
0	0	0	0	0	0	0	0	0	0	0	0	0	0	1.8297	1.1583	0	0	0	0	0	0	0	0	0	0	0	0	0	1.3381	0	0	0	0	0	0	0	0	0	0	0	0	2.5032	0	0	0	0	0	0	0	0	0	0	0	0	0	0	0	0	0	1.7235	0	0	1.1055	0	0	0	0	0	0	0	0	0	2.1863	0	0	0	0	0	0	2.5761	0	0	0	0	1.6107	0	0	0	0	0	0	0	1.9516	0	1.0866	0	0	0	0
0	0	0	0	0	0	0	0	2.2241	0	0	0	0	0	0	0	0	2.6054	0	2.3124	1.6572	0	2.4477	0	0	0	0	0	0	1.3381	0	0	0	0	0	0	0	0	0	0	0	0	0	1.1707	0	0	0	0	0	0	0	0	0	0	0	0	1.401	0	2.1376	0	0	0	0	0	0	0	0	0	0	0	0	2.9268	0	0	0	0	0	0	0	0	0	0	0	0	1.141	0	0	0	0	0	0	0	0	0	0	0	0	0	0	0
0	0	0	0	0	0	0	0	0	0	0	0	0	0	0	0	0	0	0	0	1.6572	0	0	0	0	0	2.9462	0	0	0	0	0	0	0	0	2.2389	0	0	0	0	0	0	0	0	1.5624	0	0	0	0	0	0	0	0	0	0	0	0	0	0	1.4545	0	0	2.5271	0	0	0	0	0	0	0	0	0	0	0	0	0	0	0	2.7575	2.1504	2.5761	0	2.058	0	0	0	1.8891	0	0	0	0	0	0	0	0	0	0	0	0	0
0	0	1.983	0	0	0	0	1.8661	2.2241	2.0949	2.2991	0	0	0	0	0	0	0	0	0	0	0	0	0	0	0	0	0	0	0	1.2965	0	0	0	0	0	0	0	0	0	0	0	0	0	0	1.5758	0	0	0	0	0	0	0	0	0	0	0	0	2.1376	0	0	0	2.5271	0	0	0	0	0	0	0	0	0	0	0	0	1.2923	0	0	0	0	0	0	0	0	0	0	0	0	0	0	0	0	0	0	0	0	0	0	0	1.5144
0	0	0	0	0	0	0	0	0	0	0	0	0	0	0	0	0	0	0	2.3124	0	2.2016	0	0	0	1.625	0	0	0	0	0	0	0	0	0	0	0	0	2.9815	0	1.8172	0	0	0	0	0	1.2887	0	0	0	2.7901	0	0	0	0	0	1.401	0	0	0	0	0	0	0	0	0	0	2.043	0	0	2.3323	0	0	0	0	0	0	0	0	0	0	0	0	0	0	0	0	0	0	0	0	0	0	0	2.1182	0	0	0	0	0
0	0	0	1.5774	0	0	1.9985	1.8661	0	0	2.2991	0	0	0	0	0	1.1859	2.6054	0	0	0	0	0	0	0	0	0	0	0	1.3381	0	0	0	0	0	0	0	0	0	0	0	0	0	0	0	0	0	2.1285	2.52	0	0	0	0	0	0	0	0	0	0	0	0	0	0	0	0	0	0	0	0	0	0	0	0	0	0	1.2923	0	0	0	0	0	0	0	0	0	0	0	0	0	0	0	0	0	0	0	0	0	0	0	1.5144
0	0	0	0	0	0	0	0	0	0	0	0	1.8252	0	0	0	0	0	0	0	0	2.2016	0	0	0	0	0	0	0	1.3381	0	0	0	0	0	0	0	0	0	0	0	0	2.5032	0	0	0	1.2887	0	2.52	0	0	0	0	0	0	0	0	0	0	0	0	2.6803	0	0	1.1041	0	0	0	0	2.9219	0	0	0	0	0	0	0	0	0	0	0	0	0	0	0	0	0	0	0	0	0	1.6449	0	0	0	0	0	0	0	1.5144
0	0	1.983	0	0	0	0	0	0	0	0	0	0	1.6041	1.8297	0	0	0	0	0	0	0	0	0	0	0	0	0	0	0	0	2.1255	0	0	0	0	0	0	0	0	0	0	0	0	0	1.5758	0	0	0	1.7226	0	0	1.8203	0	0	0	0	0	0	0	0	0	0	1.1055	0	0	1.5626	0	0	0	0	0	1.7835	0	0	0	0	0	0	0	0	0	0	0	0	0	0	0	0	0	0	0	0	0	0	0	0	0	0	1.5144
0	0	1.983	0	0	0	0	0	0	0	0	0	0	0	0	0	1.1859	0	0	0	0	0	2.4477	0	0	0	0	0	0	0	0	2.1255	0	0	0	0	0	0	0	0	0	0	0	0	1.5624	0	0	0	0	0	2.7901	0	0	0	0	0	0	2.4981	0	0	0	0	0	0	0	0	0	2.043	0	0	0	0	0	0	0	0	0	0	0	0	0	0	0	0	0	1.6107	0	0	0	0	0	0	0	1.9516	0	0	0	0	0	1.5144
0	0	0	0	0	0	1.9985	1.8661	0	0	0	0	1.8252	0	0	0	0	0	0	0	0	0	0	0	1.9843	0	0	0	0	0	0	0	0	1.5966	2.2106	2.2389	0	0	0	0	0	1.4837	0	0	0	0	0	0	0	0	0	1.7089	0	0	0	0	0	0	0	0	0	0	0	0	0	0	0	0	0	0	0	0	0	0	0	0	0	0	2.7575	0	0	0	0	0	0	1.6107	0	0	0	0	0	0	0	0	0	0	0	0	0	0
0	0	0	0	0	0	0	0	0	0	2.2991	0	0	0	0	0	0	0	0	0	0	0	0	0	1.9843	0	0	0	0	0	0	2.1255	0	0	0	0	0	0	0	0	0	0	0	0	1.5624	0	0	0	0	0	0	0	1.8203	1.4224	0	0	0	2.4981	2.1376	0	0	2.6803	0	0	0	0	0	0	0	0	0	0	0	0	0	0	0	0	0	0	0	0	0	0	0	1.6107	0	0	0	0	1.2994	0	0	0	0	0	0	0	0	0
0	0	0	0	1.589	0	0	1.8661	0	0	0	0	0	0	0	0	0	0	0	0	0	0	0	0	0	1.625	0	0	0	0	0	0	0	0	0	0	0	1.5259	0	0	0	0	0	0	0	0	0	0	2.52	0	0	0	0	1.4224	2.2543	0	0	0	0	0	0	0	0	1.1055	0	0	0	0	0	0	0	0	0	0	0	0	1.0714	0	0	0	0	0	0	0	0	0	0	0	0	1.9733	0	0	0	0	0	0	2.9758	0	0	0
0	0	0	0	0	0	0	0	0	0	0	0	0	0	0	0	0	0	0	0	0	0	0	0	0	0	0	0	0	0	0	0	0	0	0	0	1.8204	0	2.9815	0	0	0	0	0	0	0	1.2887	2.1285	0	1.7226	2.7901	0	1.8203	0	2.2543	0	0	0	0	0	0	0	0	0	0	0	0	0	0	0	0	2.9268	0	0	0	0	0	1.6827	0	0	0	0	0	0	0	0	0	0	2.7015	0	0	0	0	0	0	0	0	0	0	0
0	0	0	0	0	0	1.9985	0	0	0	0	0	0	0	0	0	0	0	0	0	1.6572	0	0	0	0	0	0	0	0	0	0	0	0	1.5966	0	0	1.8204	0	0	0	1.8172	0	0	0	0	0	0	0	0	0	0	0	0	0	0	1.5339	1.401	0	0	0	0	0	0	0	0	0	1.5626	2.043	0	0	0	0	0	0	0	0	0	0	0	0	0	0	0	0	0	0	0	0	0	0	0	0	0	0	2.1182	0	0	2.1098	0	0
0	0	0	0	1.589	0	0	0	0	2.0949	0	0	0	0	1.8297	0	0	0	1.6579	0	0	0	0	0	1.9843	0	0	0	0	0	0	0	0	0	0	0	0	0	0	1.9435	0	0	0	0	1.5624	0	0	0	2.52	0	0	0	0	0	0	0	1.401	0	0	0	0	0	0	0	0	0	0	0	0	2.9219	0	0	0	0	0	0	0	0	0	0	0	0	0	0	0	0	0	0	0	0	0	0	0	0	2.1182	0	0	0	0	0
1.9045	0	1.983	0	0	0	0	0	0	0	0	0	0	0	0	0	1.1859	0	0	0	0	0	0	0	0	0	0	0	0	0	0	0	0	0	0	0	0	0	0	0	0	0	0	0	0	0	0	0	0	1.7226	0	0	1.8203	0	0	1.5339	0	2.4981	0	0	0	0	0	0	0	0	0	0	0	0	2.3323	2.9268	0	0	0	1.2923	0	0	2.7575	0	0	0	0	0	0	0	0	0	0	0	0	0	0	0	0	0	0	0	0	0
0	0	0	0	0	0	1.9985	0	0	0	0	0	0	0	0	0	0	0	0	0	0	0	0	0	0	0	0	0	0	0	0	2.1255	0	0	0	0	0	0	0	0	0	0	2.5032	0	0	0	0	0	0	1.7226	0	0	1.8203	0	0	0	0	0	2.1376	0	0	0	0	0	0	0	0	0	0	0	0	0	0	0	0	1.2923	0	0	2.7575	2.1504	0	0	0	0	0	0	1.8891	0	0	0	0	0	0	0	0	1.0866	0	0	0	0
0	2.2695	1.983	0	0	0	1.9985	0	0	0	0	0	1.8252	0	0	0	0	0	0	0	0	0	0	0	0	0	0	2.7637	0	0	0	0	2.7342	0	0	0	0	0	0	0	0	0	0	0	0	0	0	0	0	0	0	0	0	0	0	0	0	0	0	1.4545	0	0	0	0	0	0	0	0	0	0	0	0	0	0	0	0	0	0	0	0	2.5761	0	0	2.8968	1.141	1.6107	0	0	0	0	0	0	0	0	0	0	0	0	0	0
0	0	0	0	0	0	0	0	0	0	0	0	0	1.6041	0	0	1.1859	2.6054	0	0	0	0	0	2.5213	0	0	0	0	0	0	0	0	0	0	0	2.2389	0	0	0	0	0	0	0	0	0	0	0	0	0	0	0	0	1.8203	0	0	0	0	0	0	0	1.7235	0	0	0	0	0	0	2.043	0	0	0	0	0	0	0	0	0	0	0	2.1504	0	0	0	0	0	0	0	0	2.7015	0	0	0	0	1.9516	0	0	0	0	0	0
0	0	0	0	0	0	0	1.8661	0	0	0	0	0	0	0	0	0	0	0	0	0	0	0	0	0	0	0	0	0	0	0	0	2.7342	0	0	0	1.8204	0	0	0	0	0	0	0	1.5624	0	0	0	2.52	0	0	0	0	0	0	0	0	0	0	0	0	2.6803	0	1.1055	0	0	1.5626	0	0	0	0	0	0	0	1.1225	0	0	0	0	0	0	0	0	0	0	0	0	1.103	0	0	0	0	0	0	0	0	0	0	1.3243	0
0	0	0	1.5774	0	0	0	0	2.2241	0	0	0	0	0	0	0	0	0	0	0	0	0	0	0	0	0	0	0	0	0	1.2965	0	0	1.5966	0	0	0	0	0	1.9435	0	0	0	0	0	0	0	0	0	0	0	1.7089	0	0	0	0	0	0	0	0	0	0	2.5271	0	0	0	0	0	0	2.9219	0	0	0	0	0	0	0	0	0	0	0	0	0	0	0	0	0	0	0	1.9733	1.2994	0	0	0	0	0	0	2.1098	0	0
0	0	0	0	0	0	0	0	0	0	0	0	0	0	0	0	1.1859	0	0	0	0	0	0	0	1.9843	0	0	0	1.0904	0	0	0	0	0	0	0	0	0	0	0	0	0	0	1.1707	1.5624	0	0	0	0	0	0	1.7089	1.8203	0	0	0	0	0	0	0	0	0	2.5271	1.1055	0	0	0	0	0	0	0	0	0	2.1863	0	0	0	0	0	0	0	0	0	2.8968	0	0	0	0	0	0	0	0	0	0	0	0	0	0	0	0
1.9045	0	0	0	0	0	0	0	0	0	0	0	0	0	0	0	0	0	0	0	0	0	2.4477	0	0	0	0	0	1.0904	1.3381	0	0	0	1.5966	0	0	0	0	0	0	0	0	0	0	0	0	1.2887	0	2.52	0	0	0	0	0	0	0	0	0	0	0	0	0	0	0	1.1041	0	0	0	0	0	2.3323	2.9268	0	0	0	1.2923	0	0	0	0	0	0	0	0	0	0	0	0	0	0	0	0	0	0	0	0	0	0	0	0
0	0	0	1.5774	0	0	0	0	0	2.0949	0	0	0	0	0	1.1583	0	0	0	0	0	0	0	0	0	0	2.9462	0	0	0	0	0	0	0	0	0	0	0	0	0	0	0	0	0	0	0	1.2887	0	0	0	0	0	0	0	0	0	0	0	0	0	1.7235	0	0	0	0	2.9825	0	0	0	2.9219	0	0	0	0	0	0	0	0	0	0	0	0	0	0	1.141	0	0	0	0	0	0	0	0	0	2.1182	0	0	0	1.3243	0
0	0	1.983	0	0	0	0	0	0	0	0	0	0	1.6041	0	1.1583	0	0	0	0	0	2.2016	0	0	0	0	0	0	0	1.3381	0	2.1255	0	0	0	0	0	0	0	0	0	0	0	0	0	0	0	0	0	0	0	0	0	0	0	0	0	0	0	0	0	0	0	0	0	0	1.5626	0	0	0	0	0	0	0	0	0	0	0	0	0	0	0	0	0	0	1.6107	1.8891	0	2.7015	0	0	0	0	0	0	0	0	0	1.3243	0
0	0	0	0	1.589	0	0	0	0	0	0	0	0	0	0	0	0	0	0	2.3124	1.6572	2.2016	0	0	0	1.625	0	0	0	0	0	0	0	0	0	0	0	0	0	0	0	0	0	0	0	0	0	0	0	0	0	0	0	0	0	0	0	0	0	0	0	0	0	0	1.1041	0	0	2.043	0	2.9219	0	0	0	2.1863	0	0	0	0	0	0	2.5761	0	0	0	0	0	0	0	0	0	0	1.6449	0	0	0	0	0	0	0	0
1.9045	2.2695	0	0	0	0	0	0	0	0	0	0	0	0	0	0	0	2.6054	0	0	0	0	0	0	0	0	0	0	0	0	0	0	0	0	0	0	0	0	0	0	0	0	0	0	0	0	0	0	0	0	0	0	0	0	0	0	0	2.4981	0	0	0	0	0	0	0	0	0	0	2.3644	0	0	0	0	0	0	0	0	0	2.7575	0	0	0	2.058	0	0	0	0	0	0	0	0	1.6449	0	0	2.1182	0	2.9758	2.1098	0	0
0	0	0	0	0	0	0	0	2.2241	0	2.2991	0	0	0	0	0	0	0	0	0	0	2.2016	0	0	0	0	0	0	0	0	0	0	0	0	0	0	0	0	0	0	1.8172	0	0	1.1707	0	0	0	0	0	0	0	0	0	0	0	0	0	0	0	0	0	0	0	0	0	0	0	0	0	2.9219	0	0	0	0	0	0	0	1.6827	0	0	2.5761	0	0	0	0	0	0	0	0	1.9733	0	0	0	0	0	0	0	2.1098	1.3243	0
0	2.2695	0	0	0	0	0	0	0	0	0	0	1.8252	0	0	0	0	2.6054	0	0	1.6572	0	0	2.5213	0	0	2.9462	0	0	0	0	0	0	1.5966	0	0	0	0	0	0	0	0	0	0	0	0	0	0	0	0	0	0	0	0	2.2543	0	0	0	0	0	0	0	0	0	0	0	0	0	0	2.9219	2.3323	2.9268	0	0	0	0	0	0	0	0	0	0	0	0	0	0	0	0	0	0	0	0	0	0	0	0	0	0	0	0
0	0	0	0	0	0	1.9985	0	0	0	0	0	0	0	0	1.1583	0	0	0	0	0	2.2016	0	0	0	0	2.9462	2.7637	1.0904	0	0	0	0	0	0	0	0	0	0	0	0	0	0	0	0	0	0	0	0	0	0	0	0	0	0	0	0	0	0	0	0	0	2.5271	0	0	0	0	0	2.3644	0	0	2.9268	0	0	0	0	0	0	0	0	0	0	0	0	0	0	0	0	2.7015	0	0	0	0	0	0	0	2.9758	0	0	0
1.9045	0	1.983	0	0	0	0	0	0	0	2.2991	0	0	0	1.8297	0	0	0	0	0	0	0	0	0	0	0	0	0	0	0	0	0	0	0	0	0	0	0	0	0	0	0	0	0	0	0	1.2887	0	2.52	0	0	0	0	0	0	0	0	0	0	0	0	0	0	0	1.1041	0	0	2.043	0	0	2.3323	0	1.7835	0	0	0	0	0	0	0	0	0	0	0	1.141	0	0	0	0	0	0	0	0	0	0	0	0	0	0	0
0	0	0	0	0	0	0	0	0	0	0	0	0	0	0	0	0	0	0	0	0	0	0	0	0	0	0	2.7637	1.0904	0	1.2965	0	2.7342	1.5966	2.2106	0	0	0	0	0	0	1.4837	0	0	0	0	0	0	0	0	0	0	0	0	0	0	0	0	0	0	0	0	0	0	0	0	0	0	0	2.9219	0	0	0	2.1863	0	1.2923	1.0714	0	0	0	0	0	0	0	0	0	0	0	0	0	0	0	0	0	0	0	0	0	0	0
0	0	0	0	1.589	0	0	0	0	0	0	0	0	0	0	1.1583	0	2.6054	0	0	0	0	0	0	0	0	0	0	0	0	0	2.1255	0	0	0	0	0	0	0	0	0	0	0	0	0	1.5758	0	0	0	0	0	0	0	0	0	0	0	0	0	0	0	0	0	0	0	0	0	0	0	0	2.3323	0	1.7835	0	1.1225	0	0	1.6827	0	0	2.5761	0	0	0	0	0	0	0	0	0	0	0	0	0	2.1182	0	0	0	0	0
0	0	1.983	0	0	1.1291	0	0	0	2.0949	0	0	0	0	0	0	0	0	0	0	0	0	0	0	0	0	0	0	0	0	0	0	0	0	0	0	0	0	0	1.9435	1.8172	0	0	0	0	0	0	0	0	0	0	0	0	0	0	0	0	0	0	0	0	0	0	0	0	0	0	0	0	0	2.3323	0	0	0	0	1.2923	1.0714	0	0	0	2.5761	0	0	0	0	0	1.8891	0	0	0	0	0	0	0	0	0	0	0	1.3243	0
0	0	0	0	0	0	0	1.8661	0	0	0	0	0	0	0	0	0	0	0	0	1.6572	0	0	0	0	0	0	0	0	0	0	0	0	0	0	0	0	0	0	1.9435	0	1.4837	0	1.1707	0	0	0	0	0	0	0	0	0	0	0	0	0	0	0	0	0	0	0	0	1.1041	0	0	2.043	0	0	2.3323	0	0	0	0	0	1.0714	0	0	0	0	0	0	2.8968	0	0	0	0	0	0	0	0	0	1.9516	0	0	0	0	0	0
0	0	0	0	0	0	0	0	0	0	0	0	0	0	1.8297	0	0	0	0	0	0	2.2016	0	0	0	0	0	0	0	0	0	0	2.7342	0	0	0	0	0	0	0	0	0	0	0	0	0	0	0	0	1.7226	0	0	0	0	2.2543	0	0	0	0	0	0	2.6803	0	0	0	0	0	0	0	0	2.3323	0	0	0	0	0	0	1.6827	0	0	0	0	0	0	0	0	0	0	0	1.9733	0	0	0	0	2.1182	1.0866	0	0	0	0
1.9045	0	0	1.5774	0	0	0	0	0	0	0	2.2534	0	0	0	0	0	0	1.6579	0	0	0	0	0	1.9843	0	0	0	0	0	0	0	0	0	0	0	0	0	2.9815	0	0	0	0	0	0	0	0	0	0	1.7226	2.7901	0	0	0	0	0	0	0	0	0	0	0	0	1.1055	0	0	0	0	0	0	0	0	0	0	0	0	0	0	2.7575	0	0	0	0	0	0	0	0	0	0	0	0	0	0	0	2.1182	0	0	0	0	0
0	0	0	0	0	1.1291	0	0	0	2.0949	0	2.2534	0	0	0	0	0	0	1.6579	0	0	0	0	0	0	0	0	0	0	1.3381	0	0	0	0	0	0	0	0	0	1.9435	0	0	2.5032	0	0	0	0	0	0	1.7226	0	0	0	0	0	0	0	0	0	0	0	0	0	0	0	0	0	0	0	0	0	0	0	0	0	0	0	0	0	2.1504	0	0	0	0	0	0	0	0	2.7015	1.9733	0	0	0	0	0	0	0	0	0	0
0	0	1.983	0	0	0	0	1.8661	0	0	2.2991	0	1.8252	0	0	0	0	0	0	0	0	0	0	0	0	0	0	0	0	0	0	0	0	0	0	0	0	0	2.9815	0	0	0	0	0	0	0	0	2.1285	0	1.7226	0	0	1.8203	0	0	0	0	0	0	0	0	0	0	0	0	0	0	0	0	0	0	0	0	0	0	1.2923	0	0	0	0	2.5761	0	0	0	0	0	0	0	0	0	0	1.6449	0	0	0	0	0	0	0	0
0	0	0	0	1.589	0	1.9985	0	0	0	0	0	0	0	0	0	0	0	0	0	0	0	0	0	0	0	0	0	0	0	0	2.1255	0	0	0	0	0	0	0	0	0	1.4837	2.5032	0	1.5624	0	0	0	0	0	2.7901	0	1.8203	0	2.2543	0	0	0	0	0	0	0	0	0	0	0	0	0	0	0	0	0	0	0	0	0	0	0	0	0	0	1.7873	0	0	0	0	0	0	0	0	0	0	0	0	0	0	0	0	1.3243	0
0	0	0	0	0	0	1.9985	0	2.2241	0	2.2991	2.2534	0	0	0	0	0	0	0	0	0	0	0	2.5213	0	0	0	0	0	0	0	0	0	0	0	0	0	0	0	0	1.8172	0	0	0	0	0	0	2.1285	0	0	0	0	0	0	0	0	0	0	0	0	0	0	0	0	0	0	0	2.043	0	0	0	0	0	2.1863	0	0	0	0	0	0	0	0	2.058	2.8968	0	0	0	0	0	0	0	0	0	0	0	0	0	0	0	0
0	0	0	0	0	0	0	0	0	0	0	2.2534	0	0	0	1.1583	0	2.6054	1.6579	2.3124	0	0	0	0	0	0	0	0	0	0	0	0	0	1.5966	0	0	0	0	0	0	0	0	0	0	0	0	0	0	0	1.7226	0	0	0	0	0	0	0	0	0	0	0	0	0	0	0	0	0	2.043	0	0	0	0	0	0	0	0	0	0	2.7575	0	0	0	0	2.8968	0	0	0	0	0	0	0	0	1.8956	0	0	0	0	0	0	0
0	2.2695	0	0	0	1.1291	0	0	0	0	0	0	0	0	1.8297	0	0	0	0	0	0	0	0	0	0	0	0	2.7637	0	0	0	0	0	0	0	0	0	0	0	0	0	0	0	0	0	0	0	0	0	1.7226	0	0	0	0	0	0	0	0	0	0	0	2.6803	0	0	0	0	0	2.043	0	0	2.3323	2.9268	0	0	0	1.2923	0	0	0	0	0	0	0	0	1.141	0	0	0	0	0	0	0	0	0	0	0	0	0	0	0
0	0	0	1.5774	0	1.1291	0	0	0	0	0	0	0	0	0	0	0	0	0	0	0	2.2016	0	0	0	0	0	0	0	1.3381	0	0	0	0	0	0	0	0	2.9815	0	0	0	0	0	0	0	0	2.1285	0	0	0	0	0	0	0	1.5339	0	0	2.1376	0	0	0	0	0	0	0	1.5626	0	0	0	0	0	0	0	0	0	0	0	0	0	0	0	0	0	0	1.6107	1.8891	0	0	0	0	0	0	0	0	0	0	0	0	0
0	0	0	0	0	0	0	0	0	0	0	0	0	0	0	0	0	0	1.6579	0	0	2.2016	0	0	0	0	0	0	0	0	0	0	0	0	0	0	1.8204	0	0	0	1.8172	0	2.5032	0	0	0	1.2887	0	0	0	0	1.7089	0	1.4224	0	0	0	0	0	0	0	0	0	0	0	0	0	0	0	0	0	0	0	0	0	0	0	0	0	0	0	0	0	0	0	0	1.8891	0	0	1.9733	0	0	0	0	0	0	0	0	0	1.5144
1.9045	0	0	0	0	0	0	1.8661	0	0	2.2991	0	0	0	0	0	0	0	1.6579	0	1.6572	0	0	0	0	0	0	0	1.0904	0	0	0	0	0	0	0	0	0	2.9815	0	0	0	0	0	0	0	0	0	0	0	0	0	0	0	0	0	0	0	0	0	0	0	0	0	0	0	0	0	0	0	0	0	0	0	0	0	0	0	0	0	0	0	0	0	0	0	1.8891	1.103	2.7015	0	1.2994	0	0	0	0	0	0	0	0	0
0	0	0	0	0	0	0	0	0	0	0	0	0	0	0	0	0	0	0	0	0	0	0	0	0	0	0	0	1.0904	0	0	0	2.7342	0	0	2.2389	0	0	0	0	0	0	0	0	1.5624	0	0	0	0	0	0	0	0	0	0	0	1.401	2.4981	0	0	0	0	2.5271	0	0	0	1.5626	0	2.3644	0	0	0	0	0	0	0	0	0	0	0	0	0	0	0	0	0	0	0	2.7015	0	0	1.6449	0	0	0	0	0	0	0	0
0	0	0	0	0	1.1291	0	0	0	0	0	0	0	0	0	0	0	2.6054	0	0	0	0	0	0	0	0	0	0	0	0	0	0	0	0	0	0	0	0	0	1.9435	0	0	0	0	1.5624	1.5758	1.2887	0	0	0	0	0	0	1.4224	0	0	0	0	0	0	0	0	0	0	0	0	0	0	0	0	0	0	1.7835	0	0	0	0	0	0	0	0	0	0	0	0	1.6107	0	0	0	1.9733	1.2994	0	0	0	0	0	0	0	0	0
1.9045	0	0	0	0	0	0	0	0	0	0	0	0	0	0	0	0	0	1.6579	2.3124	0	0	2.4477	0	0	0	0	0	0	0	0	0	2.7342	1.5966	0	0	0	0	0	0	0	0	0	0	0	0	0	0	0	0	0	0	0	0	0	0	0	0	0	0	0	0	0	0	0	0	0	0	0	0	0	0	1.7835	0	0	0	0	0	0	0	0	0	0	0	0	0	0	1.103	2.7015	0	1.2994	0	0	0	0	1.0866	0	0	0	0
0	0	0	0	0	0	0	0	0	0	0	0	1.8252	0	0	0	0	0	0	0	0	0	0	0	0	0	0	2.7637	0	0	1.2965	0	0	0	0	0	0	0	0	0	1.8172	0	0	0	1.5624	1.5758	0	0	2.52	0	0	0	0	0	0	1.5339	0	0	0	0	0	0	0	0	0	0	0	0	0	2.9219	0	0	0	0	0	0	0	0	0	0	0	0	0	0	0	0	0	0	0	1.9733	0	1.6449	0	0	0	0	0	0	0	0
0	0	0	0	1.589	0	0	0	0	2.0949	0	0	0	0	0	0	0	0	0	0	0	0	0	0	0	0	0	0	0	0	0	0	0	0	0	0	0	0	0	0	0	0	2.5032	1.1707	0	0	0	0	0	0	0	0	0	0	0	0	0	0	2.1376	0	0	2.6803	0	0	0	0	0	0	0	0	0	0	1.7835	0	1.1225	0	0	0	2.7575	0	2.5761	0	0	0	0	0	0	0	0	0	0	0	1.8956	0	0	0	0	0	0	0
1.9045	0	0	0	0	0	1.9985	0	0	0	0	0	0	0	0	0	0	0	0	0	0	0	0	0	0	0	2.9462	2.7637	0	0	0	0	0	1.5966	0	0	0	1.5259	0	0	0	0	2.5032	0	0	0	0	0	0	0	0	1.7089	0	0	0	0	0	0	0	0	0	2.6803	0	1.1055	0	0	0	0	0	0	0	0	0	0	0	0	0	0	0	0	0	0	0	0	0	0	0	0	0	0	0	0	0	1.9516	0	0	0	0	0	0
1.9045	0	0	0	0	0	0	0	0	2.0949	0	0	0	0	0	0	0	0	0	0	0	0	0	0	0	0	0	0	0	0	0	2.1255	2.7342	0	0	0	0	1.5259	0	0	0	0	0	0	0	0	0	0	0	0	0	0	0	0	0	0	0	0	0	0	0	2.6803	0	0	0	0	0	0	0	0	0	0	0	0	0	0	0	1.6827	0	2.1504	0	0	2.058	2.8968	0	0	0	0	0	0	0	0	0	0	2.1182	0	0	0	0	0
0	0	0	0	1.589	0	0	0	0	0	0	0	0	0	0	0	0	0	0	2.3124	0	2.2016	0	0	0	0	0	0	1.0904	0	0	0	0	0	0	0	0	0	0	1.9435	0	1.4837	0	0	0	0	0	0	0	0	0	0	1.8203	0	0	0	0	0	0	0	0	0	0	0	0	0	0	0	0	0	0	0	0	0	0	1.2923	0	0	0	0	2.5761	0	0	0	0	0	0	0	0	0	0	0	0	0	0	1.0866	0	0	0	1.5144
0	0	0	0	0	0	0	0	0	0	2.2991	0	0	0	0	0	0	0	1.6579	0	0	0	0	0	0	0	0	0	0	0	0	2.1255	0	0	0	0	0	0	0	0	0	0	0	0	0	0	0	0	0	1.7226	0	0	0	0	0	0	1.401	0	0	0	0	0	0	0	0	0	0	0	0	0	0	0	0	0	0	0	1.0714	0	0	0	0	1.7873	2.058	0	0	0	0	0	0	1.9733	0	0	0	0	0	0	2.9758	2.1098	0	0
0	0	0	0	0	0	0	0	0	0	0	0	0	0	0	0	0	0	0	0	0	0	0	0	0	1.625	0	0	0	0	0	0	0	1.5966	0	0	0	1.5259	0	0	0	0	0	0	0	0	1.2887	0	0	0	0	0	1.8203	0	2.2543	1.5339	0	0	0	0	0	0	0	0	0	0	0	0	0	0	0	0	0	0	0	0	0	0	0	0	2.5761	0	0	0	0	0	1.8891	0	2.7015	0	0	0	0	0	0	0	0	2.1098	0	0
1.9045	0	0	0	0	0	0	0	0	0	0	2.2534	0	0	0	0	0	0	0	0	0	0	0	0	1.9843	0	0	0	0	0	0	0	0	0	0	0	0	0	0	0	0	0	0	0	0	1.5758	0	0	0	0	0	0	0	0	0	0	0	0	0	0	0	0	0	0	0	0	0	2.043	0	0	0	0	0	0	0	0	0	0	2.7575	0	2.5761	1.7873	0	0	0	0	0	0	0	0	1.2994	0	0	1.9516	0	0	0	0	1.3243	0
0	0	0	0	1.589	0	0	0	0	0	2.2991	0	0	0	0	0	0	2.6054	0	0	0	0	0	0	0	0	0	0	0	0	0	0	0	0	0	0	0	0	2.9815	0	0	0	0	0	0	0	0	0	0	0	0	0	0	0	0	0	0	2.4981	2.1376	0	0	0	0	0	0	0	0	0	0	0	2.3323	2.9268	0	0	1.1225	0	0	0	0	0	0	0	0	0	0	0	0	0	0	0	0	0	0	0	0	0	0	0	1.3243	1.5144
0.1048	0.3103	0.2906	0.0541	0.9129	0.5716	0.5935	0.8922	0.677	0.6069	0.2462	0.4431	0.3363	0.3426	0.8426	0.0083	0.6922	0.4453	0.7015	0.0481	0.9701	0.8723	0.6767	0.0402	0.8088	0.2511	0.3198	0.7011	0.4455	0.7724	0.2394	0.5492	0.2716	0.1187	0.4408	0.5603	0.5073	0.3998	0.2164	0.4133	0.3208	0.8684	0.0237	0.4221	0.5571	0.7922	0.856	0.8411	0.2848	0.1523	0.8496	0.5973	0.9824	0.9379	0.5513	0.5331	0.4137	0.8824	0.5223	0.0525	0.7728	0.9133	0.6391	0.7776	0.8231	0.3089	0.2339	0.2494	0.6464	0.0133	0.3168	0.1094	0.1577	0.9448	0.7379	0.3048	0.2327	0.3785	0.7435	0.8525	0.6806	0.5738	0.7496	0.323	0.1993	0.6887	0.4086	0.3986	0.7175	0.1409	0.7347	0.5151	0.2378	0.3969	0.5368	0.4064	0.6536	0.9665	0.982	0.824
0.3320212181575013 0.6962600344636639 0.5039628692039055 0.3530542347136799 0.4654167976600241 0.20233415243324782 0.21282513416604554 0.8073270085443618 0.4388951235606652 0.2513491825268618 0.07715141774936296 0.24417134829265397 0.7235206562055904 0.15031147026701897 0.12414039669452726 0.7403252705159067 0.22024084110583741 0.37078565653672535 0.06378966160494748 0.8459012762532654 0.6404299195956152 0.43757522111723623 0.3008391206626553 0.14702600880394023 0.22630153869971292 0.40922736377208413 0.9630762313038032 0.10820788697936023 0.8424490464766335 0.6691604802137643 0.2877177953951636 0.9717701941425546 0.9003762534471285 0.0928504921639024 0.1699689422022812 0.4705500524404762 0.5972289539830998 0.24049202258961166 0.10984143014010594 0.9475594365583266 0.7716775952867506 0.5946106923822709 0.8405958996508163 0.7632859994660104 0.1080264525319008 0.7418161566469986 0.46520547002581625 0.09479829799865591 0.9108922073304841 0.27997165177782257 0.6716263200229661 0.9769493252579885 0.15913617527348167 0.5982567199987558 0.7486111220892799 0.02223810468562626 0.34252051672756423 0.6555628293700495 0.7885854529393209 0.14476606988941498 0.263754294907535 0.4229631962315368 0.7482218601401331 0.972550969013535 0.27827892805347276 0.1836482496807389 0.5086659656304391 0.5682290673054009 0.684814028538335 0.7973971912370935 0.38722439460937386 0.9499950301466005 0.386491528040279 0.9400188156727112 0.41267609179512765 0.11783759151634543 0.3607994326644526 0.49651899864478577 0.652206749897188 0.4820475327300281 0.4359636665816147 0.612463351326168 0.8556897169654941 0.05979641108986966 0.5700118085455659 0.30726701391063793 0.1962784626388162 0.2524922131862122 0.2426884398867426 0.551888306025524 0.9681217435332363 0.32291654428047456 0.8215342708505918 0.5085435582198277 0.028476119266754196 0.5785143116550799 0.024795143102473882 0.824069252855927 0.7924065856723562 0.42120461295720146 
