100
100
1	0	0	0	0	0	0	0	0	0	0	0	0	0	0	0	0.5129	0	0	0	0	0	0	0	0	0	0	0.1387	0	0	0	0	0	0	0	0	0	0	0	0	0	0	0	0	0	0	0.8932	0	0	0	0	0	0	0	0	0	0	0	0	0	0.4898	0	0.2868	0	0	0	0	0.8623	0	0	0	0	0	0	0	0	0	0	0	0	0	0	0	0	0	0	0	0	0	0	0.9934	0	0	0.3785	0	0.4185	0.5213	0	0	0
0	1	0	0	0	0	0.3915	0	0	0.2986	0	0	0	0	0	0	0	0	0	0	0	0	0	0	0	0	0	0	0	0	0.4396	0	0	0	0	0	0	0	0	0	0	0	0	0	0.702	0	0.1312	0	0	0	0.6991	0	0	0	0	0	0	0	0	0	0	0	0	0	0.5764	0	0	0	0	0	0	0	0.8601	0	0	0	0	0	0	0	0	0	0	0	0	0	0	0	0	0	0.6461	0.7397	0	0	0	0	0	0	0	0
0	0	1	0	0	0	0.428	0	0	0	0	0.4803	0	0	0	0	0	0	0	0	0.4973	0	0	0	0	0	0	0	0	0	0	0	0	0	0	0	0	0	0	0	0.5089	0	0	0	0	0	0	0	0	0	0	0	0	0.8229	0	0	0	0	0	0	0	0.8453	0	0	0	0	0	0	0	0	0	0	0	0	0	0	0	0.2068	0	0.9977	0	0	0	0	0	0	0	0	0	0	0.6711	0	0	0	0	0	0	0	0	0.9817
0	0	0.4052	1	0	0	0	0	0	0	0	0	0	0	0	0	0	0	0	0	0.3256	0	0	0	0	0	0	0.427	0	0	0	0	0	0	0	0	0	0	0	0.0959	0	0	0	0	0	0	0	0	0	0	0	0	0	0	0	0	0	0	0	0	0	0	0	0	0	0	0	0.0627	0	0.582	0	0	0	0	0	0	0	0	0	0	0	0	0	0.5729	0	0	0	0	0.0319	0	0	0.4158	0	0	0	0	0	0.7035	0	0
0	0.872	0	0	1	0	0	0	0	0	0	0	0	0.3128	0	0	0	0	0	0	0	0.8645	0.087	0	0	0	0.3858	0	0	0	0	0	0	0	0	0	0	0	0.1054	0	0	0	0	0	0	0	0	0	0	0	0	0	0	0	0.5453	0	0	0	0.9899	0	0	0	0	0	0	0	0	0.4984	0	0	0	0	0	0	0	0	0	0	0	0	0	0	0	0	0	0	0	0	0	0	0	0	0	0	0	0	0	0	0.2785	0
0	0	0	0	0	1	0	0.9912	0	0	0	0	0	0	0	0	0	0.7567	0	0	0.1276	0	0	0	0	0.9121	0	0	0	0	0	0	0	0	0	0	0	0	0	0.3774	0	0.6661	0	0	0	0	0	0	0.7197	0	0	0	0	0	0	0	0	0	0	0	0	0	0	0	0.3469	0	0	0	0	0	0	0	0	0.8389	0	0	0	0	0	0	0	0.0006	0	0	0	0	0	0	0	0	0	0	0	0	0	0	0	0	0	0
0	0.0496	0	0	0	0.7082	1	0	0	0	0	0	0	0	0	0	0	0.3623	0	0	0	0	0	0	0	0	0	0	0.7365	0	0	0	0	0	0	0	0	0	0.1417	0	0	0	0	0	0	0	0	0	0	0.7737	0	0	0	0	0	0	0	0	0	0	0	0	0	0	0	0.8744	0	0	0	0	0	0	0	0	0	0	0	0	0	0	0	0.6487	0	0	0	0	0.8977	0	0	0	0	0	0	0.1275	0	0	0	0	0	0
0	0	0	0	0	0	0.7051	1	0.7664	0	0	0	0	0	0	0	0	0.7562	0.0906	0	0.187	0	0	0	0	0	0	0	0	0	0	0	0	0.0354	0	0	0	0	0	0	0	0	0	0	0	0	0	0	0	0	0	0	0	0	0	0	0	0	0	0	0	0	0	0	0	0	0	0	0	0	0	0.8691	0	0	0	0.7203	0	0	0	0	0	0	0	0	0	0.7407	0	0	0.0881	0	0	0	0	0	0	0	0	0	0	0
0	0	0	0	0	0	0	0	1	0	0	0	0	0	0	0	0	0.327	0	0	0	0	0	0.4893	0	0	0.2235	0.8894	0	0	0.0924	0	0	0	0	0	0	0	0.9301	0	0	0	0	0	0	0	0	0	0	0	0	0	0	0	0.16	0	0	0	0	0	0	0	0	0	0	0	0	0.6168	0	0.5274	0	0	0	0	0	0	0	0	0	0	0	0	0	0	0	0	0	0	0	0	0.001	0	0	0	0	0	0	0	0	0
0	0	0	0	0	0	0	0	0	1	0	0	0	0.8203	0	0	0	0	0	0	0	0	0	0	0	0	0	0	0	0	0	0	0	0	0	0	0	0	0	0	0.5298	0	0	0	0	0	0	0	0	0	0.4679	0	0	0	0	0	0	0	0	0	0	0	0.7829	0	0	0	0	0	0	0	0	0	0	0	0	0	0.3166	0	0	0	0	0	0	0	0	0	0	0.7433	0	0	0.2022	0	0	0	0	0	0.3363	0.9168	0.5504	0
0	0	0	0	0	0	0	0	0	0	1	0	0	0	0.2155	0	0	0	0	0	0.5057	0	0	0	0	0	0.8973	0	0	0	0	0	0	0.5738	0	0	0	0.6052	0	0	0	0	0	0	0	0	0	0	0	0	0	0	0	0.0477	0	0	0	0	0	0	0	0	0	0	0	0.7828	0	0	0	0	0	0	0	0	0	0	0	0	0	0	0.2651	0	0	0	0	0	0	0	0	0	0	0	0	0.4719	0	0	0.3886	0	0	0
0	0	0	0.4004	0	0	0	0	0	0	0	1	0.0353	0	0	0	0	0	0.6175	0	0	0	0	0	0	0	0	0	0	0	0	0	0	0	0	0	0	0	0	0.5698	0	0	0	0	0.1979	0	0	0	0	0	0	0	0	0	0	0	0	0	0	0.1879	0	0	0	0.0652	0	0	0	0	0	0	0	0	0	0.0605	0	0	0	0	0	0	0	0	0	0	0	0	0	0	0	0	0	0	0	0	0	0	0.4502	0	0.8183	0
0	0.3078	0	0	0.9604	0	0	0	0	0	0	0	1	0	0	0	0	0.1974	0.492	0	0	0	0.9927	0.7018	0	0	0	0	0	0	0	0	0	0	0	0	0	0	0.0093	0	0	0	0	0	0	0	0	0	0	0	0	0	0	0	0	0	0	0	0	0	0	0	0	0	0	0	0	0	0	0	0	0	0	0	0	0	0	0	0.9933	0	0	0	0	0	0	0	0	0	0	0	0.1931	0	0	0	0	0	0	0.8372	0	0
0.9714	0	0	0	0.0231	0	0	0	0.4196	0	0	0	0	1	0	0	0.5804	0	0	0	0	0.3386	0.5134	0	0	0	0	0	0	0	0	0	0	0	0	0	0.107	0	0	0.1835	0	0	0	0	0	0	0	0	0	0	0	0	0	0	0	0	0	0	0	0	0	0	0	0	0	0	0	0	0	0	0	0	0	0	0	0	0	0	0	0	0	0	0	0.6917	0	0	0	0	0.1103	0	0	0	0	0	0	0	0	0	0	0
0	0	0	0	0	0	0	0	0	0	0	0	0.814	0	1	0	0	0	0	0	0	0.33	0	0	0	0	0	0	0	0	0	0	0	0	0	0	0.5787	0	0	0	0	0	0	0	0	0	0	0	0.1797	0.5139	0	0	0	0	0	0.6105	0	0	0	0	0	0	0	0	0.0636	0	0	0	0	0	0	0	0	0	0	0	0	0	0	0	0	0	0	0	0.778	0	0	0.2819	0	0	0	0	0	0	0	0	0	0	0.6917	0
0	0	0	0	0	0	0	0	0.292	0	0	0	0	0.3963	0	1	0.0206	0	0	0	0	0	0.0163	0	0	0.0884	0	0	0	0	0	0.626	0	0	0	0	0	0	0	0	0	0	0	0	0	0	0	0	0	0	0	0	0	0	0	0	0	0	0	0	0	0	0	0	0	0.4125	0	0	0	0	0	0	0.3854	0	0	0	0.4432	0	0	0	0	0	0	0	0	0.0865	0	0	0	0	0	0	0	0	0	0	0	0	0	0
0	0	0	0	0	0	0	0	0.2589	0	0	0.6148	0	0	0	0	1	0	0	0	0	0.0859	0	0	0	0	0	0	0	0	0	0	0	0	0.5793	0	0	0.8512	0.4207	0	0	0	0	0	0	0	0	0	0	0	0	0	0	0	0	0	0	0	0	0	0	0	0	0	0	0	0	0	0	0	0	0	0.2224	0	0	0	0	0	0	0	0.5002	0	0	0	0	0	0	0	0	0	0	0	0	0	0	0	0.0359	0.8513	0	0
0	0	0	0	0	0	0	0.3053	0	0	0	0	0	0	0	0	0	1	0	0	0	0	0	0	0	0	0	0	0	0	0	0	0	0	0	0	0	0	0	0	0	0	0	0	0	0.6144	0	0	0	0	0.4701	0	0	0	0	0	0	0	0	0	0	0	0.0938	0	0	0	0	0	0	0	0	0.1925	0	0	0	0.2589	0	0	0	0.8228	0	0	0	0	0	0.3325	0	0	0	0	0	0	0.7436	0	0	0	0	0	0	0.182
0	0	0	0	0	0	0	0.961	0	0	0	0	0.6888	0	0	0	0	0	1	0	0	0	0	0	0	0	0	0	0	0	0	0	0	0	0	0	0	0	0	0	0.5812	0	0	0	0	0	0.0961	0	0	0	0	0	0	0	0	0	0	0	0	0	0.0792	0	0	0	0	0	0	0	0	0	0	0	0	0	0	0	0	0	0	0	0	0	0	0.6232	0	0	0	0	0	0	0.7773	0	0	0.1596	0	0.9683	0	0	0	0.6459
0	0	0	0	0	0	0	0	0	0	0	0	0	0	0	0	0	0	0	1	0	0.5558	0	0	0	0	0	0	0	0	0	0	0	0	0	0	0	0	0	0	0	0	0	0	0	0	0	0	0.5989	0.1066	0	0	0	0	0	0	0	0	0	0	0	0	0	0	0	0	0.9364	0	0	0	0.4256	0	0	0	0	0	0	0	0	0	0	0	0	0	0.653	0	0.1038	0	0	0.887	0	0	0	0.1995	0.2157	0	0	0	0	0
0	0	0.5828	0	0.8379	0	0	0	0	0	0	0	0	0	0	0	0	0	0	0	1	0.1531	0	0	0	0	0	0	0.9883	0	0	0	0	0	0	0	0	0.835	0	0	0	0.1468	0	0.2945	0	0	0	0	0	0	0	0	0	0	0	0	0	0	0	0	0	0	0	0.2849	0	0	0	0	0	0	0.1413	0	0	0	0	0	0	0	0	0	0	0.3767	0	0	0	0	0	0	0	0	0	0	0	0	0	0	0	0	0	0
0	0	0	0	0	0	0.4986	0	0	0	0	0	0	0	0	0	0	0	0	0	0	1	0	0	0	0	0.342	0	0	0	0	0	0	0	0	0	0	0	0	0.5411	0	0	0	0	0	0.8769	0	0	0	0	0	0	0	0	0.9505	0	0	0	0	0	0.1169	0	0.5519	0	0	0	0	0	0	0	0	0	0	0.8298	0	0	0	0	0	0	0	0	0	0	0	0	0	0.3172	0	0	0	0	0	0	0	0	0	0	0.8206	0
0	0	0	0	0	0	0	0	0	0	0	0.8238	0	0	0	0	0	0	0	0	0.3761	0	1	0	0	0	0	0	0	0	0.646	0	0	0	0	0	0.9538	0	0	0	0	0	0.555	0	0	0	0	0	0	0	0	0	0	0	0	0	0	0	0	0	0	0	0	0	0	0	0	0	0.5564	0	0	0	0.7275	0	0	0	0	0	0	0	0	0	0	0	0	0	0	0	0	0	0.0865	0	0.4823	0	0	0	0	0.0823	0	0
0	0.1744	0	0	0	0.1799	0	0	0	0	0.6117	0.8015	0	0	0	0	0	0.895	0	0	0	0	0	1	0	0.658	0	0	0	0	0	0	0	0	0	0	0	0	0	0	0	0	0	0	0	0.8286	0	0	0	0	0	0	0	0	0	0	0	0	0	0	0	0	0	0	0.4399	0	0	0	0	0.0818	0	0.3491	0	0	0	0	0	0	0	0	0	0	0	0	0	0	0	0	0	0	0	0	0	0	0	0	0	0	0	0
0	0	0	0	0	0	0	0	0	0	0	0	0.689	0	0	0	0	0	0	0	0	0	0	0	1	0	0.4118	0	0	0	0	0	0	0	0	0	0	0	0	0	0	0	0	0	0	0.9387	0	0	0.6418	0	0	0	0	0	0	0	0	0	0	0	0	0	0	0	0	0	0	0	0	0	0	0	0.5433	0.0881	0	0	0.0987	0	0	0	0	0.4989	0	0	0	0	0	0	0	0	0	0	0	0	0.36	0	0	0	0.5016	0
0	0	0	0	0	0.9324	0	0	0	0	0	0	0	0.3418	0	0	0	0	0	0	0	0	0	0	0	1	0	0	0	0	0	0	0	0	0	0	0	0	0	0	0	0	0	0	0	0	0	0	0	0	0	0	0	0	0	0	0.1317	0	0	0	0	0.9777	0	0	0	0	0	0.0817	0	0	0	0	0.995	0	0.064	0	0	0	0.4934	0	0	0	0	0	0	0	0	0	0.9095	0	0	0	0.9591	0	0	0	0	0	0	0
0	0	0	0	0	0	0	0	0	0	0	0	0.4939	0	0	0	0	0	0	0	0	0	0	0	0	0	1	0	0	0	0.2073	0	0	0.1381	0	0	0	0	0	0.2875	0	0	0	0	0	0	0	0.6004	0	0.8377	0	0	0	0	0.7828	0	0	0	0	0	0	0	0	0	0	0	0	0	0.5796	0	0	0	0	0	0	0	0	0	0	0	0	0	0	0	0	0	0	0	0	0.7065	0	0	0	0	0	0	0	0	0.3217	0
0	0	0	0	0	0	0.1437	0	0	0	0	0	0.4142	0	0	0	0	0	0	0	0	0	0	0	0	0	0	1	0	0	0	0	0	0	0	0	0	0	0	0	0	0	0	0.7293	0	0	0	0	0	0	0	0	0	0	0	0	0.9944	0	0	0	0.6086	0	0	0	0	0	0	0	0	0	0	0.0756	0	0	0	0	0	0	0	0	0.9744	0	0	0	0	0	0	0	0.1014	0	0	0	0.717	0	0	0.4399	0	0	0	0
0	0.396	0	0	0	0.3475	0	0	0	0	0	0	0	0	0	0	0	0	0	0	0	0	0	0	0	0	0	0	1	0.0619	0	0	0	0	0	0	0	0	0	0	0	0.0132	0	0	0	0.941	0	0	0	0	0.9983	0	0.2734	0	0	0.2533	0	0	0	0	0	0	0	0	0	0	0	0	0	0	0	0	0	0	0	0	0	0	0	0.7756	0.0659	0	0	0	0	0	0	0	0	0	0	0	0	0	0	0	0	0	0	0
0	0	0	0	0	0.6168	0	0	0	0	0	0	0.468	0	0	0	0	0	0	0	0	0.6388	0	0.9973	0	0	0	0	0	1	0	0.2174	0	0	0	0	0	0	0	0.2152	0	0	0	0	0	0	0	0	0	0	0	0	0.7375	0	0	0	0	0	0	0.7986	0	0	0	0	0	0	0	0	0	0	0	0	0	0	0	0	0	0	0	0	0	0	0.8833	0	0	0	0	0	0	0	0.9909	0	0	0	0	0	0	0	0	0
0	0	0	0.4054	0	0	0	0	0	0	0	0	0	0	0	0	0	0	0	0	0	0	0	0.621	0	0	0	0	0	0	1	0	0	0	0	0	0	0	0	0	0.2076	0.5221	0	0	0	0	0	0	0	0	0	0	0	0	0	0	0	0	0	0	0	0	0	0.0111	0	0	0	0	0	0.9019	0	0	0	0.8003	0	0	0	0.8562	0	0	0	0	0	0	0	0	0.16	0	0.316	0	0	0	0	0	0	0	0	0	0	0
0	0	0	0	0	0	0	0	0	0	0	0	0	0	0.9963	0	0	0	0	0	0.3806	0	0	0	0.0357	0	0	0	0	0	0	1	0	0	0	0	0	0	0	0	0	0.4434	0	0	0	0	0	0	0.0644	0	0	0	0	0	0	0	0	0	0.4731	0	0	0	0	0	0	0	0.7781	0	0	0	0	0	0	0	0	0	0.1959	0	0.4892	0	0	0	0	0	0	0	0	0.54	0	0	0	0	0	0	0	0	0	0	0	0
0	0	0	0	0	0	0.5232	0.6582	0	0	0	0	0	0.4164	0	0	0	0	0	0	0	0	0	0	0	0	0	0	0	0.5686	0	0	1	0	0.1028	0	0	0	0	0	0	0	0.4106	0	0	0	0	0	0	0	0	0	0	0.1887	0	0	0	0	0	0	0	0	0	0	0.0158	0	0	0	0	0	0	0	0	0.1366	0	0	0	0	0	0	0	0	0	0	0	0	0	0	0	0	0	0	0	0	0.8456	0	0	0	0	0
0	0	0	0.4758	0	0	0	0	0	0	0	0	0	0	0	0	0	0	0.3841	0	0	0	0	0	0	0	0	0	0	0	0	0	0	1	0.2099	0.6988	0	0	0	0	0	0	0	0	0	0.465	0	0	0	0	0	0	0	0	0	0	0	0	0	0	0	0	0	0	0	0	0	0	0	0	0	0.6777	0	0	0	0	0	0	0	0.9437	0	0	0	0	0	0	0	0	0	0.7711	0	0	0	0.9513	0	0	0	0.9973	0	0
0	0	0	0	0.3453	0	0	0	0	0	0	0	0.3246	0	0	0	0	0	0	0	0.6117	0.8906	0	0	0	0	0.1866	0	0	0	0	0	0	0	1	0	0	0	0	0	0	0	0	0	0	0	0	0	0	0	0	0	0	0.3044	0	0	0	0	0.5583	0	0	0	0	0	0	0	0	0	0	0	0	0	0	0.3444	0.5046	0	0	0	0	0	0	0	0	0	0	0	0.6726	0	0	0	0	0	0	0	0	0	0	0	0	0
0	0	0	0	0.3603	0	0	0	0	0	0	0.1186	0	0	0	0	0	0	0	0.3429	0	0	0	0	0	0	0	0	0	0	0.0036	0	0.9083	0	0.9074	1	0	0	0	0	0	0	0	0	0	0	0	0	0	0	0	0	0	0	0	0	0	0	0.6821	0	0	0	0	0	0	0	0	0	0	0	0	0	0.6096	0	0	0	0	0	0	0	0	0.7515	0	0	0	0	0	0.7923	0	0	0	0	0	0	0	0	0	0	0	0
0	0	0	0	0	0	0	0	0	0	0	0	0	0	0	0	0	0	0	0	0.872	0	0.9724	0	0	0	0.3523	0	0	0	0	0	0	0	0	0	1	0	0.2105	0	0	0	0	0	0	0	0	0	0	0.4856	0	0	0	0	0	0	0	0	0	0	0	0	0	0.1317	0	0	0	0	0	0	0	0	0	0.5767	0	0	0	0	0	0	0	0.872	0	0	0	0	0	0	0	0	0	0	0.4037	0	0	0.7153	0	0	0	0
0	0	0	0	0	0	0	0.0097	0	0	0	0	0	0	0	0	0	0	0	0	0	0	0	0	0.2341	0	0	0	0	0.5584	0.4376	0	0	0.25	0	0	0	1	0	0	0	0	0	0	0	0	0	0	0	0	0	0	0	0	0.7879	0	0	0	0	0	0	0	0	0	0	0	0	0	0.2051	0	0	0.6102	0	0	0	0	0	0	0	0	0	0	0	0	0	0	0	0	0	0	0	0.4873	0	0	0	0	0	0	0	0.7587
0	0	0	0	0	0	0	0	0	0	0	0	0	0	0	0	0	0	0	0	0	0	0	0.2533	0	0	0	0	0	0	0.0994	0	0	0	0	0	0	0	1	0.494	0	0	0	0	0	0	0	0	0	0	0	0	0	0	0	0	0	0	0	0	0	0	0	0	0	0	0	0	0	0.0762	0	0	0.5307	0	0.5328	0.3692	0	0	0	0.5381	0	0.4996	0.3371	0	0	0	0	0	0	0	0	0	0	0	0	0	0	0	0	0
0	0	0.2737	0	0	0	0	0	0	0.7445	0.5749	0	0	0	0	0	0	0	0.7622	0	0	0	0	0	0	0	0	0	0	0	0	0	0	0	0	0	0	0	0	1	0	0	0	0	0	0	0	0	0	0	0	0	0	0.6594	0	0	0	0	0	0.0684	0	0	0	0	0	0	0.4978	0	0	0	0	0	0	0	0	0	0	0	0	0	0	0.1995	0	0	0	0	0	0	0	0.495	0	0	0	0	0.6825	0	0	0	0	0
0	0	0	0	0	0	0	0	0	0	0	0	0	0	0	0	0	0	0	0	0.3779	0	0	0.1319	0	0	0	0	0	0	0	0	0	0	0	0	0	0	0	0	1	0	0.4093	0	0.7532	0	0	0.9946	0	0.5872	0	0.8803	0	0	0	0	0	0	0	0	0	0	0	0	0	0	0	0	0	0	0	0	0	0	0	0	0	0	0	0	0	0	0	0	0.2802	0	0.2709	0.4113	0	0	0	0	0	0	0	0	0	0	0	0
0.9048	0	0.9794	0	0	0.5689	0	0	0	0	0	0	0	0	0	0	0	0.495	0	0	0.1008	0	0	0	0	0	0	0	0.3129	0.3787	0	0.5748	0	0	0	0	0	0	0	0	0	1	0	0	0	0	0	0	0	0.2267	0	0	0	0	0	0	0	0	0	0	0	0	0	0	0	0	0	0	0	0	0	0	0	0	0	0	0	0	0	0	0	0	0	0	0	0	0	0	0	0	0	0	0	0	0	0	0	0.4692	0	0
0	0	0	0	0	0	0	0	0	0	0	0	0	0	0	0	0	0.1866	0	0	0	0	0	0	0	0	0	0	0	0.6788	0	0	0	0	0	0	0	0	0	0	0	0	1	0	0	0	0	0	0	0	0	0.2817	0	0	0	0	0.7975	0	0	0	0	0.6123	0	0	0	0	0	0.5149	0	0	0	0	0	0	0.1102	0	0	0	0.622	0	0	0	0	0	0.9361	0	0	0	0	0	0	0	0	0	0.014	0	0	0	0	0
0	0	0	0	0	0.1326	0	0	0	0	0	0	0	0	0	0	0	0	0	0	0	0	0	0	0	0	0	0	0	0	0	0	0	0	0	0	0	0	0	0.1718	0	0	0	1	0.3325	0	0	0	0	0	0	0	0	0	0	0	0.2569	0	0	0	0	0.4028	0	0	0	0	0.8654	0.0089	0	0	0	0	0	0	0	0.681	0	0	0	0	0	0	0	0	0	0	0	0	0.427	0	0	0	0	0	0	0	0	0.1749	0	0
0.1694	0	0	0.285	0	0	0	0	0	0	0	0	0	0	0	0	0	0	0	0	0	0	0	0	0	0.7872	0.2938	0	0	0	0	0	0	0	0	0	0	0	0.5085	0	0	0	0	0	1	0	0	0	0	0	0	0	0	0	0	0	0	0	0	0	0	0	0.2386	0	0.923	0	0.0357	0	0	0	0	0	0	0	0	0	0	0	0	0	0	0	0	0	0	0	0	0	0	0	0	0.9627	0	0	0	0	0	0.9736	0	0
0	0	0	0	0.0327	0	0	0	0	0	0	0	0	0	0	0	0	0	0	0	0	0	0	0	0	0	0	0	0	0	0	0.109	0	0	0.7927	0	0	0	0	0	0	0	0	0.1385	0	1	0.5134	0	0	0	0	0	0	0.7463	0	0.7157	0	0	0	0	0	0	0	0	0.2759	0	0	0	0	0	0	0	0	0	0	0	0	0	0	0	0	0	0	0	0	0	0.8829	0	0.371	0	0	0	0	0	0	0	0	0	0	0
0	0	0.6227	0	0	0	0	0.3917	0	0	0	0	0	0	0	0	0	0	0	0	0	0	0	0	0	0.2883	0	0	0	0	0	0	0	0.7034	0.1508	0	0	0	0	0	0	0	0	0	0	0	1	0	0	0	0	0	0.7399	0	0	0	0	0	0	0	0	0	0.5358	0	0	0	0	0	0	0	0	0	0	0	0	0	0	0	0.9675	0	0	0	0.5326	0	0	0	0	0	0	0	0	0.4329	0	0	0	0	0	0	0	0
0	0	0	0	0	0	0	0	0	0	0	0	0.0609	0	0	0	0	0	0	0	0.3371	0	0	0	0.3302	0	0	0	0	0	0	0.9503	0	0	0	0	0	0	0	0	0	0	0	0	0	0	0	1	0	0.0008	0	0	0	0	0.0102	0	0	0	0	0	0	0.3712	0	0	0	0	0	0	0	0	0	0	0	0	0	0.2678	0	0	0	0	0	0.9027	0	0	0	0	0	0	0	0.5174	0	0	0	0	0	0	0	0	0	0
0	0	0	0	0	0	0	0	0	0	0	0	0	0	0	0	0	0	0	0	0	0	0	0	0	0	0	0	0	0	0	0	0	0.6804	0	0	0.8292	0.4408	0	0	0	0	0	0	0	0	0	0	1	0	0	0	0	0.6413	0	0	0	0.6482	0	0	0	0	0	0	0	0	0	0	0	0	0	0	0	0.6291	0	0	0	0	0	0	0	0	0	0.6899	0	0.6172	0	0	0	0	0	0	0.732	0	0	0	0.2715	0	0	0
0	0	0	0	0	0	0	0	0	0	0	0	0	0	0	0	0.2923	0	0.431	0.4896	0.5627	0	0	0	0.3723	0	0	0	0	0	0	0.6616	0.2866	0	0	0	0	0	0	0	0	0	0	0	0	0	0	0	0	1	0	0	0	0	0	0	0	0	0	0	0	0	0	0	0	0	0.8396	0	0	0	0	0	0	0	0	0	0.6194	0	0	0	0	0	0	0	0	0	0	0	0	0	0	0	0	0.8573	0	0	0	0	0	0
0	0.3276	0	0	0	0	0.0331	0	0	0	0	0	0	0	0	0	0	0	0	0	0	0	0	0.8279	0	0	0	0	0	0	0	0	0	0	0	0	0	0	0	0	0	0	0	0	0	0	0	0	0	0	1	0	0	0	0	0	0	0	0	0	0	0	0	0	0.6326	0.9621	0	0	0	0	0	0	0	0	0.0388	0	0	0	0	0	0	0	0	0	0	0	0	0	0	0	0	0	0.1644	0.3006	0	0	0	0.7651	0.1415	0
0	0	0	0	0	0	0.14	0	0	0.3704	0	0	0.9546	0	0	0	0	0	0	0	0	0	0	0	0	0	0	0	0	0	0	0	0	0	0	0	0	0	0	0	0.3528	0	0.7112	0	0	0	0	0	0.7013	0	0	1	0	0.3332	0	0	0	0	0	0	0	0	0	0	0	0	0	0.0681	0.5402	0	0	0	0	0	0	0	0	0	0	0	0	0	0	0	0	0	0	0	0	0	0	0	0	0	0	0.3045	0	0	0	0
0	0	0	0	0	0	0	0	0	0.634	0	0	0	0	0	0	0	0	0.7038	0	0	0	0	0	0	0	0	0	0.8425	0	0	0	0	0	0	0	0	0	0	0	0	0	0	0	0	0	0	0	0	0	0	0.0366	1	0	0	0	0	0	0	0	0	0	0.1963	0	0	0	0	0	0	0	0	0	0	0	0	0	0	0	0	0.055	0	0.116	0	0	0	0	0	0.0473	0	0	0	0.3666	0	0	0	0.5434	0	0	0	0
0	0	0	0	0	0	0	0	0	0	0	0	0	0	0	0	0	0	0	0	0	0	0	0	0	0	0	0	0	0	0	0	0.1157	0	0	0.1503	0	0	0	0.2236	0.3143	0.974	0	0	0	0	0	0	0	0	0	0	0	1	0	0	0	0.179	0	0	0	0	0	0	0	0	0	0	0	0	0	0	0	0	0.8046	0	0	0	0	0	0	0	0	0	0.7471	0.6596	0	0	0	0	0	0	0.4147	0	0	0	0	0	0	0
0	0	0.6262	0	0	0	0	0	0	0	0.7562	0	0	0.2588	0	0	0	0	0	0.0179	0	0	0	0	0	0.679	0	0	0	0	0	0	0	0	0	0	0	0	0	0	0	0	0	0	0	0	0.673	0	0	0	0	0	0	0	1	0	0	0	0	0	0.1873	0	0.836	0.8596	0	0	0	0	0	0	0	0	0	0	0	0.8411	0	0	0	0	0	0	0	0	0	0	0	0	0	0	0	0	0	0	0	0	0	0	0	0
0	0	0	0.4168	0	0	0.6927	0	0	0	0	0	0	0	0	0	0.8717	0	0	0	0	0	0	0	0	0	0	0	0	0	0	0	0	0	0	0	0	0	0	0	0	0	0	0.7619	0	0.7039	0	0	0	0.044	0.2918	0	0	0	0	1	0	0	0	0	0.4314	0	0	0	0	0	0	0	0.4343	0	0	0	0	0	0	0	0	0	0	0	0	0	0	0	0	0	0	0	0	0	0	0	0	0	0	0	0	0	0	0.3328
0	0	0	0	0	0	0	0	0	0	0.646	0	0	0	0	0	0	0	0	0	0	0	0.5083	0	0	0	0	0	0.6303	0	0	0.8141	0	0	0	0	0	0.386	0	0	0	0	0	0.7428	0	0.7174	0	0	0	0	0	0	0	0	0	0	1	0	0	0	0	0	0	0	0	0	0	0	0	0.9364	0	0	0	0	0	0	0	0	0	0	0.7287	0	0	0	0	0	0	0	0	0	0	0	0	0	0	0.1782	0	0	0	0
0.2501	0	0	0	0	0	0	0	0	0	0	0.0346	0	0	0	0.0194	0	0	0	0	0	0	0	0	0	0	0	0.342	0	0.2008	0	0	0	0	0	0.6643	0	0	0	0	0	0	0	0	0	0.5373	0	0	0	0	0	0	0	0	0	0.3173	0	1	0	0	0	0	0	0	0	0	0	0	0	0	0	0	0	0	0	0	0	0	0	0	0	0	0	0	0.8186	0	0	0	0	0	0	0	0	0	0	0	0	0.4889	0	0
0	0	0	0	0	0	0.2957	0	0	0	0	0	0.573	0.6051	0	0.1621	0	0.5892	0	0	0	0	0	0.6831	0.6142	0	0	0	0	0	0	0	0	0	0	0	0	0	0	0	0	0	0	0	0	0	0	0.2798	0	0	0	0	0	0	0	0	0	0	1	0	0	0	0	0	0	0	0	0	0	0	0	0	0.8997	0.042	0	0	0	0	0	0	0	0	0	0	0	0	0	0	0	0	0	0	0	0	0	0	0	0	0	0
0	0.9516	0	0	0	0	0	0	0	0	0	0	0	0	0	0.7451	0	0	0	0	0	0	0	0	0	0.978	0	0	0	0	0	0	0	0	0	0	0	0	0	0	0	0.8083	0	0.6025	0	0	0	0	0	0	0	0	0	0	0	0	0	0.6323	0	1	0	0.8935	0	0	0	0	0	0	0.8697	0	0	0	0	0	0.635	0	0	0	0	0	0	0	0	0	0	0.157	0	0	0	0	0	0	0	0	0	0	0	0	0	0
0	0	0	0	0	0	0	0	0	0	0	0	0	0	0	0	0	0	0	0	0	0	0	0	0	0	0	0	0	0	0	0.7806	0.2406	0	0	0	0	0	0	0	0	0	0	0	0	0	0.7699	0.0391	0	0.4494	0	0	0	0	0	0	0	0.2888	0	0.9291	1	0	0	0	0	0	0	0	0	0	0	0	0.5605	0	0	0	0	0	0	0	0	0	0	0	0	0	0	0.4581	0	0	0	0	0	0	0	0.1656	0	0	0	0
0.2746	0	0	0	0.4212	0	0	0	0	0	0	0	0	0	0	0	0	0	0	0	0	0	0	0	0	0	0	0	0	0	0	0	0	0	0	0	0	0.7559	0	0	0	0.9609	0	0	0	0	0	0	0	0	0	0	0	0	0	0	0	0	0	0.9767	0	1	0.0048	0	0.2622	0	0	0	0	0	0	0	0	0.7948	0	0	0	0.3611	0	0	0	0	0	0	0	0	0	0	0	0	0	0	0	0	0.536	0	0	0	0	0
0	0	0	0.2794	0	0	0	0	0	0	0	0	0	0	0	0	0	0	0	0	0	0	0	0	0	0	0	0.0544	0	0	0.3518	0	0	0.3888	0	0	0	0	0	0	0	0	0	0	0	0	0	0	0.0484	0	0	0	0	0	0	0	0	0.9235	0	0	0	0	1	0	0	0	0	0	0	0	0	0	0	0	0	0	0	0	0	0	0	0	0	0.6051	0	0	0.7576	0	0.7212	0	0	0	0	0	0	0.6487	0	0	0	0
0	0	0	0	0	0	0	0	0	0	0.71	0	0	0	0	0	0	0	0	0	0	0	0	0	0	0	0	0	0	0	0	0	0	0	0	0	0	0	0.7143	0	0	0	0.6085	0.3621	0.3805	0	0	0	0	0	0	0	0	0	0	0	0	0	0	0.9415	0	0	0	1	0	0	0.5035	0.0343	0	0	0	0	0	0.4281	0	0	0	0	0	0.1324	0	0	0	0	0	0	0	0	0	0	0	0	0	0	0	0	0	0	0	0
0	0	0	0	0	0.9529	0	0	0	0	0.6115	0.8041	0	0	0	0.8062	0	0	0	0	0	0	0.2889	0	0	0	0	0	0	0	0.7723	0	0	0	0	0	0	0.7489	0	0	0	0	0.3439	0	0	0	0	0	0	0	0	0	0	0.5204	0	0	0	0	0.9364	0	0	0	0	0	1	0	0	0	0	0	0	0	0	0	0	0	0	0	0	0	0	0	0	0	0	0	0	0	0	0	0	0	0	0	0	0	0	0	0	0
0	0	0	0.2439	0	0	0	0	0	0	0	0	0	0	0	0	0	0.4915	0	0	0	0	0.1423	0	0	0	0.9342	0	0	0	0	0	0	0	0	0	0	0	0	0	0.9	0	0	0	0.5422	0.8026	0	0	0	0	0	0	0	0	0	0	0.1953	0	0	0	0	0	0	0	0	1	0	0	0.512	0	0	0	0	0	0	0	0	0	0	0	0	0	0	0	0	0	0	0	0	0	0	0	0	0	0.9125	0	0	0	0	0
0.9108	0	0	0	0	0	0.6485	0	0	0	0	0	0	0	0	0	0	0	0	0	0	0	0	0	0	0	0.0417	0	0	0.5116	0	0	0	0	0	0	0	0	0	0	0	0.0449	0	0	0.3448	0.5737	0	0	0	0	0	0.0647	0	0	0	0	0	0	0	0	0	0	0	0	0	0	1	0	0	0	0	0	0	0	0	0	0	0	0	0.6812	0	0	0	0	0	0	0	0	0	0	0.5534	0	0	0	0	0	0	0	0	0
0	0	0	0	0	0	0.3691	0	0	0	0	0	0	0	0.3094	0	0	0	0	0	0	0	0	0	0	0	0	0	0	0	0	0	0	0	0	0.9137	0	0	0	0	0.0233	0	0	0	0	0	0	0	0	0	0	0	0	0	0	0	0	0	0	0	0	0	0	0	0	0	0	1	0.1743	0	0	0	0	0	0	0	0	0	0	0	0	0.3946	0	0.3016	0	0	0	0	0	0	0	0.4618	0.0181	0.8026	0	0	0	0	0	0
0	0	0	0.5259	0	0	0	0	0	0	0	0	0	0	0	0.7894	0	0	0	0.3953	0	0	0	0	0	0	0	0	0	0	0	0	0	0	0	0.3466	0	0	0	0	0	0	0	0	0	0	0	0	0.8716	0	0.1194	0	0	0	0	0	0	0	0.962	0	0	0	0	0	0	0.2028	0	0	1	0.8483	0	0	0	0	0	0	0	0	0	0	0	0	0	0	0	0	0	0	0	0	0	0	0	0	0	0	0	0	0	0.469
0	0	0	0	0	0	0	0	0	0	0	0	0	0.1315	0.6825	0	0	0	0	0	0	0	0	0	0	0	0	0	0	0	0	0	0	0.6875	0	0	0	0	0	0	0	0	0	0	0	0	0	0	0	0	0	0	0	0	0	0	0	0	0	0.4673	0	0	0	0	0	0	0	0	0	1	0	0	0	0.6457	0	0	0	0	0	0	0	0	0	0	0	0	0.0967	0.308	0	0	0	0	0	0.6796	0.5987	0	0	0	0	0.1723
0	0	0	0.917	0	0	0	0	0	0	0	0	0	0	0	0	0	0	0	0	0	0	0	0	0	0	0	0	0	0	0	0	0	0	0	0	0.0578	0	0.0325	0	0	0	0	0	0	0	0	0.298	0	0	0	0	0	0	0	0	0	0	0	0.9729	0	0	0	0	0	0	0	0.2766	0	0	1	0	0	0	0	0.4881	0.4008	0	0	0	0	0	0	0	0.2392	0	0	0	0	0	0	0	0	0	0	0	0	0.5742	0	0
0	0.1922	0	0	0.4718	0	0	0	0	0	0	0	0	0	0	0	0	0	0	0	0	0	0	0	0	0	0	0	0	0	0	0	0.7468	0	0	0.2597	0	0	0	0	0	0.6876	0	0.4241	0	0	0	0	0	0	0	0.7488	0	0	0	0	0	0	0	0	0	0	0	0	0	0	0.0738	0	0	0	0	1	0	0	0.8844	0	0	0	0	0	0	0	0	0	0	0	0	0	0	0	0	0	0	0	0	0	0	0	0	0.0108
0	0	0	0	0	0	0.3671	0	0.8861	0	0	0	0	0	0	0	0	0	0.0988	0.3581	0	0	0	0	0	0	0.2263	0	0	0	0	0	0	0	0	0	0	0	0	0	0	0	0	0.9089	0	0	0	0	0	0	0.6771	0	0	0	0	0	0	0	0	0.2155	0	0	0	0	0	0	0	0	0	0.2719	0.3548	0	1	0	0	0	0	0	0	0	0	0	0	0	0	0	0	0	0	0	0	0	0	0	0	0	0	0	0	0
0	0	0	0	0	0.7309	0	0	0	0	0	0.1582	0.9161	0	0	0	0	0	0	0	0	0	0	0	0	0	0	0	0	0	0	0	0	0	0	0	0	0	0	0	0	0	0	0	0	0	0	0	0	0	0	0	0.5444	0	0	0	0	0.1584	0	0	0	0	0	0	0	0	0.2304	0.8178	0.2559	0	0	0	0	1	0	0	0.9562	0	0	0	0.276	0	0	0	0	0	0	0	0	0	0	0	0	0	0	0	0	0	0	0
0	0	0	0	0	0	0	0	0	0	0	0	0	0	0	0	0	0	0.1235	0	0	0	0	0	0	0	0	0	0	0.6358	0	0	0.9387	0	0	0	0	0	0	0.4096	0	0	0	0	0.3396	0	0	0	0	0	0	0	0	0	0	0	0	0	0	0.4455	0	0	0	0	0	0	0.1779	0	0.4514	0	0	0	0	0	1	0.2635	0	0	0	0	0	0	0	0	0	0	0	0.6105	0	0	0	0	0	0	0	0	0	0	0	0
0	0.055	0	0	0	0	0	0	0	0	0	0	0	0	0	0	0	0	0	0	0	0	0	0	0	0	0	0	0	0	0.3411	0	0	0	0	0	0.9942	0	0.2963	0	0.7416	0	0	0	0.6403	0	0.6983	0	0	0	0	0	0	0	0.557	0	0	0	0	0	0	0	0	0	0	0	0	0	0	0	0	0	0	0	0	1	0	0	0	0.4957	0	0	0	0	0	0	0	0	0	0	0	0	0.8612	0	0	0	0	0	0	0
0	0	0	0	0	0	0	0	0	0	0	0	0	0	0	0	0	0	0	0	0	0	0.3919	0	0	0	0	0	0.6292	0.5896	0	0	0	0	0	0	0	0	0.0609	0	0	0	0	0	0	0	0	0	0	0	0	0	0	0	0	0	0	0	0	0	0	0.7482	0	0	0	0	0	0	0	0	0	0.2923	0	0	0	0	1	0	0	0	0	0	0	0	0.3207	0	0	0	0.5843	0	0	0	0.1032	0	0	0.8311	0	0	0	0
0	0	0	0	0	0	0.804	0	0	0	0	0	0	0.4454	0	0	0	0.6974	0	0	0	0	0	0	0.4268	0	0	0	0.028	0	0	0	0	0.4776	0	0	0	0	0	0	0	0	0	0	0	0	0	0	0	0	0.7779	0.6226	0	0	0.432	0	0	0	0	0	0	0	0	0	0	0	0	0	0	0	0	0	0	0	0	0	0	1	0	0	0	0	0	0	0	0	0	0	0	0	0	0	0.4014	0	0	0	0	0	0	0
0	0	0	0	0.0749	0	0	0	0	0.5094	0	0	0	0	0	0	0	0	0	0	0	0	0	0	0	0	0.9471	0	0	0	0	0	0	0	0	0.7103	0	0	0	0	0	0	0	0	0.428	0.8451	0	0	0	0	0	0	0	0	0	0	0	0	0	0	0	0	0	0	0	0	0	0	0	0	0.8253	0	0	0	0	0	0	0.0388	1	0	0.4792	0	0	0	0	0	0	0	0	0	0	0	0.1019	0	0	0	0	0	0	0
0	0	0.9903	0	0.5846	0	0	0	0	0	0	0	0	0	0	0	0	0	0	0	0	0	0.3338	0	0	0	0	0	0.1838	0	0.0892	0	0	0	0	0	0	0	0	0	0	0	0	0	0	0	0	0	0	0	0	0	0	0	0.235	0	0	0	0	0	0	0	0	0	0	0	0.2031	0	0	0	0	0	0.8176	0	0.5151	0	0	0	0	1	0	0	0	0	0	0	0	0	0.9998	0	0	0	0	0	0	0	0	0	0	0
0	0	0	0	0	0	0	0	0	0	0	0	0	0	0.5262	0	0	0	0	0	0	0	0	0.7117	0	0	0	0	0	0	0	0	0	0.8439	0.8617	0	0	0	0	0.8151	0	0	0	0	0	0	0	0.3791	0	0	0	0	0	0	0	0	0	0.1029	0	0	0	0	0	0	0	0	0.4	0	0	0	0	0	0	0	0	0	0	0.4784	0	0	1	0	0	0	0	0	0.5232	0	0	0	0	0	0	0	0	0	0	0	0	0
0	0	0	0	0	0.4106	0	0.6395	0	0	0	0	0.2462	0	0	0	0	0	0	0	0	0	0	0	0	0	0	0	0	0	0	0	0	0	0	0	0	0	0	0.1415	0	0	0	0.9989	0	0	0	0	0	0	0	0	0	0	0.1615	0	0	0	0	0	0	0	0.1945	0	0	0	0	0	0	0	0	0	0	0	0	0	0	0.3384	0.0445	0	0	1	0	0	0	0	0	0	0	0	0	0	0	0	0	0	0.84	0	0	0
0.0993	0	0	0	0	0	0	0	0	0	0	0	0	0	0.2974	0	0	0	0	0	0	0	0	0	0	0.2268	0	0	0	0	0	0	0	0.6915	0	0	0	0	0	0	0	0	0	0	0	0	0	0	0	0	0	0	0	0	0	0	0	0.8916	0	0	0	0.7634	0	0	0.1631	0.4747	0	0	0	0	0	0	0	0	0	0	0	0	0	0.663	0	0	1	0	0	0	0	0	0	0	0	0	0	0.7581	0	0	0	0	0	0
0	0	0	0	0	0	0	0	0	0	0	0	0	0	0	0	0	0	0	0.1448	0	0	0	0	0	0	0	0.5039	0	0	0.637	0	0	0	0	0	0	0	0	0	0	0	0	0	0	0.9432	0.4976	0	0.7318	0	0	0	0	0	0	0	0	0	0	0	0	0.7472	0.6338	0	0	0	0	0	0.408	0	0	0	0	0	0	0.1715	0	0	0	0	0	0	0	1	0	0	0	0	0	0	0	0	0	0	0	0	0	0	0	0
0.9052	0	0	0	0	0	0	0.8876	0	0	0	0.7203	0	0	0	0	0	0	0	0	0	0	0	0	0	0	0	0	0	0.2397	0	0	0	0	0	0	0	0	0	0	0	0	0	0	0	0	0	0	0	0	0.6851	0	0	0	0	0	0	0.5089	0	0	0	0	0	0	0.8686	0	0	0	0	0	0	0	0.3258	0.9842	0	0	0	0	0	0	0	0	0	0	1	0	0	0	0	0	0	0	0	0	0	0.7813	0	0	0	0
0	0	0.1851	0	0	0	0	0.3726	0	0	0	0	0	0	0	0	0	0	0	0	0	0	0	0	0.4875	0.8965	0	0	0	0	0	0	0	0	0.6073	0	0	0	0	0	0	0	0	0	0	0.6481	0	0.3883	0.5969	0	0	0	0	0	0	0	0	0	0	0	0	0	0	0	0	0	0	0	0	0	0	0	0	0	0	0	0	0	0	0	0	0	0	0	0	1	0	0	0	0	0	0.559	0	0	0	0	0	0	0	0.3578
0	0	0	0.5143	0	0	0	0	0	0	0	0	0	0	0	0	0	0	0	0	0	0.8562	0	0	0	0	0.645	0	0	0.6684	0	0	0	0	0.0687	0	0	0	0	0.479	0	0	0	0	0.1419	0	0	0	0	0	0	0	0	0	0	0	0	0	0	0	0	0	0	0	0	0	0	0	0	0	0	0.5054	0	0.1367	0	0	0	0	0	0	0	0	0	0	0	0	1	0	0	0	0	0.2338	0	0	0	0	0	0	0	0
0	0	0	0	0	0.161	0	0.0186	0	0	0.3326	0	0	0	0	0	0	0	0	0	0	0	0	0.5941	0	0	0	0	0.3206	0	0	0	0.9438	0	0	0	0	0	0	0	0.6465	0	0	0	0	0	0	0	0	0.7684	0	0	0	0	0	0	0	0.9686	0	0	0	0	0	0	0	0	0	0	0	0	0	0	0	0.652	0	0	0	0	0	0	0	0	0	0	0	0	0	1	0	0	0	0	0	0	0	0	0	0	0	0
0	0	0	0	0	0	0	0	0	0	0	0.2024	0	0	0	0	0	0	0	0	0	0	0.7748	0	0	0	0	0	0	0	0	0	0	0	0	0	0	0.9941	0	0	0	0	0	0	0	0	0	0	0	0	0	0	0	0	0.2429	0	0	0	0	0	0	0	0	0	0	0	0.0306	0	0.7485	0	0	0	0	0	0	0	0	0	0.5224	0	0	0	0	0	0	0	0	0	1	0	0	0.114	0	0	0	0.3161	0	0	0.574	0
0	0	0.2756	0	0	0	0	0	0	0	0	0	0.5465	0	0	0	0	0	0	0	0	0	0	0	0	0	0	0	0	0	0.5572	0	0	0	0	0	0	0	0	0	0	0.27	0	0	0	0	0	0	0.1757	0	0	0	0	0	0	0	0	0	0	0	0	0	0	0	0	0	0	0	0	0	0	0	0	0	0.137	0	0	0	0	0	0.0246	0.9687	0	0	0	0.3374	0	0	0	1	0.6007	0	0	0	0	0	0	0	0	0
0	0.5834	0	0	0	0	0	0	0	0	0	0	0.0443	0	0	0	0	0	0	0	0.2106	0.6151	0	0	0	0	0	0	0	0	0	0	0	0	0	0	0.8866	0.8058	0	0	0	0	0	0	0	0	0	0	0	0	0	0	0	0	0	0	0	0.1832	0	0	0	0	0	0	0	0	0	0	0	0	0	0	0	0	0	0	0	0	0	0	0	0	0	0	0	0	0	0.6103	0	0	1	0	0	0.2298	0	0	0	0	0.7039	0
0	0	0	0	0	0	0	0	0	0	0	0	0.1089	0	0	0	0	0	0	0	0	0	0	0.488	0	0	0.9521	0.924	0	0	0	0	0	0	0	0	0	0	0	0	0	0	0.1323	0	0	0	0	0	0	0	0	0	0	0	0	0	0	0.2078	0	0.9259	0	0.2209	0	0	0	0	0	0	0.1495	0	0	0	0	0	0	0	0	0	0	0	0	0	0	0	0	0	0	0	0.9046	0	0	1	0	0	0	0	0	0	0	0
0	0	0	0	0	0	0	0	0	0	0	0	0	0	0	0	0	0.0108	0.039	0	0	0	0	0	0	0	0	0	0	0	0.073	0.4358	0	0	0	0	0	0	0.1146	0	0	0	0	0.5915	0	0	0	0	0	0	0	0	0.001	0	0	0	0	0	0	0	0	0	0	0	0	0	0	0	0	0	0	0	0	0	0	0	0.5696	0	0	0	0	0.5815	0	0	0	0	0	0.8517	0	0	0	0	1	0	0	0	0	0	0	0
0	0	0	0	0	0	0	0	0	0	0	0	0	0	0	0	0	0	0	0	0	0	0	0	0	0	0	0	0	0	0	0.2924	0	0	0	0.4779	0	0	0	0	0	0	0	0	0.7807	0	0	0.9271	0	0	0	0	0	0	0	0	0.7302	0	0	0	0	0	0	0	0	0	0	0.2559	0.2986	0	0	0	0	0	0	0.5623	0	0	0	0	0	0	0	0	0	0	0	0	0.1166	0	0	0	0	1	0.4882	0	0	0	0	0
0	0	0	0	0	0.6996	0	0	0	0	0	0	0	0	0	0	0	0	0.0917	0	0	0	0	0	0	0	0	0	0	0	0	0	0	0	0	0	0	0	0.1788	0.9214	0	0	0	0.6385	0	0	0	0	0	0	0	0	0	0	0.8416	0	0	0	0	0	0	0	0	0	0.5169	0	0	0	0	0	0	0	0	0.3358	0.4963	0	0	0	0	0	0	0	0.1903	0	0	0	0	0	0	0	0	0	0	0	1	0	0	0	0	0
0	0	0	0	0	0	0	0	0	0	0	0	0	0.832	0.6484	0	0	0	0	0	0	0	0	0	0	0	0	0	0	0.5189	0.1245	0	0	0	0	0	0	0	0	0	0.9035	0	0	0	0	0	0.6012	0	0	0	0	0	0	0	0	0	0	0	0	0	0	0	0.3762	0	0	0	0	0	0	0	0	0.0133	0	0	0.4198	0	0	0	0	0	0	0	0	0	0	0	0	0	0	0	0	0	0	0	0	1	0	0	0.3092	0
0	0	0	0	0	0	0	0	0	0	0	0	0.7659	0	0	0.3294	0	0	0	0	0	0.4992	0	0	0.1734	0	0.1391	0	0	0	0.9032	0	0	0	0	0	0	0	0	0	0	0	0	0	0	0	0	0	0	0	0	0	0	0	0	0	0	0	0	0.919	0	0	0	0	0	0	0	0	0	0	0	0	0	0	0	0.3858	0	0	0	0	0	0	0	0	0.3694	0	0	0	0	0	0	0	0	0	0	0	1	0	0	0.7305
0	0	0	0	0	0	0	0	0	0	0	0.3325	0	0	0	0	0	0.7896	0	0	0	0	0	0.9822	0	0	0	0	0	0	0.6643	0.5203	0	0	0	0	0	0	0	0	0	0	0	0	0	0.6338	0	0	0	0	0	0	0	0	0	0	0	0	0	0	0.728	0	0	0	0	0.4794	0	0	0	0	0	0	0	0	0	0	0	0	0	0	0	0	0	0	0	0	0	0	0	0	0.948	0	0	0	0	0	0	1	0	0.8074
0	0	0	0	0	0	0	0	0.3324	0.6166	0	0	0	0	0	0	0	0	0	0	0	0	0	0	0	0.5105	0.9051	0	0.5003	0	0	0	0	0	0	0	0	0.9833	0	0	0	0	0	0	0	0.5241	0	0	0	0	0	0	0	0	0	0	0.2638	0	0	0	0	0	0	0	0	0	0	0	0	0	0	0	0	0	0	0	0	0	0	0	0	0	0	0	0	0	0	0.2481	0.5672	0	0	0	0	0	0	0	0	0	1	0
0	0	0	0	0	0	0	0	0	0	0.2355	0	0	0	0	0	0	0	0	0	0	0	0	0	0	0	0	0.363	0	0	0	0	0.4503	0	0	0	0	0.9622	0	0	0	0	0	0	0	0	0	0	0	0	0	0	0	0	0	0	0	0.0856	0	0	0.5504	0	0.6526	0	0.3195	0.2584	0	0	0	0	0	0	0	0	0	0.3207	0	0	0	0	0	0	0	0	0	0	0	0	0	0	0	0	0	0	0	0	0	0	0	1
2.503	0	0	0	0	0	0	0	0	0	0	0	0	0	0	0	1.0524	0	0	0	0	0	0	0	0	0	0	2.295	0	0	0	0	0	0	0	0	0	0	0	0	0	0	0	0	0	0	1.6078	0	0	0	0	0	0	0	0	0	0	0	0	0	2.697	0	1.2425	0	0	0	0	1.6539	0	0	0	0	0	0	0	0	0	0	0	0	0	0	0	0	0	0	0	0	0	0	1.8885	0	0	2.3761	0	1.7251	2.9737	0	0	0
0	2.8354	0	0	0	0	1.9759	0	0	1.4037	0	0	0	0	0	0	0	0	0	0	0	0	0	0	0	0	0	0	0	0	2.3887	0	0	0	0	0	0	0	0	0	0	0	0	0	2.9565	0	1.6078	0	0	0	1.9497	0	0	0	0	0	0	0	0	0	0	0	0	0	2.8982	0	0	0	0	0	0	0	2.723	0	0	0	0	0	0	0	0	0	0	0	0	0	0	0	0	0	1.8885	1.4425	0	0	0	0	0	0	0	0
0	0	1.8015	0	0	0	1.9759	0	0	0	0	2.3778	0	0	0	0	0	0	0	0	2.1916	0	0	0	0	0	0	0	0	0	0	0	0	0	0	0	0	0	0	0	1.5995	0	0	0	0	0	0	0	0	0	0	0	0	1.6913	0	0	0	0	0	0	0	1.7879	0	0	0	0	0	0	0	0	0	0	0	0	0	0	0	1.7109	0	1.2449	0	0	0	0	0	0	0	0	0	0	1.8885	0	0	0	0	0	0	0	0	1.1175
0	0	1.8015	1.9109	0	0	0	0	0	0	0	0	0	0	0	0	0	0	0	0	2.1916	0	0	0	0	0	0	2.295	0	0	0	0	0	0	0	0	0	0	0	2.7208	0	0	0	0	0	0	0	0	0	0	0	0	0	0	0	0	0	0	0	0	0	0	0	0	0	0	0	1.6539	0	2.3653	0	0	0	0	0	0	0	0	0	0	0	0	0	2.7747	0	0	0	0	1.969	0	0	1.4425	0	0	0	0	0	1.204	0	0
0	2.8354	0	0	1.8513	0	0	0	0	0	0	0	0	1.0049	0	0	0	0	0	0	0	2.4169	2.9736	0	0	0	1.552	0	0	0	0	0	0	0	0	0	0	0	2.9742	0	0	0	0	0	0	0	0	0	0	0	0	0	0	0	1.4534	0	0	0	2.6152	0	0	0	0	0	0	0	0	1.6539	0	0	0	0	0	0	0	0	0	0	0	0	0	0	0	0	0	0	0	0	0	0	0	0	0	0	0	0	0	0	1.2564	0
0	0	0	0	0	2.05	0	1.0242	0	0	0	0	0	0	0	0	0	1.6614	0	0	2.1916	0	0	0	0	1.3433	0	0	0	0	0	0	0	0	0	0	0	0	0	2.7208	0	2.9027	0	0	0	0	0	0	2.3464	0	0	0	0	0	0	0	0	0	0	0	0	0	0	0	2.8982	0	0	0	0	0	0	0	0	2.9926	0	0	0	0	0	0	0	2.3892	0	0	0	0	0	0	0	0	0	0	0	0	0	0	0	0	0	0
0	2.8354	0	0	0	2.05	1.9759	0	0	0	0	0	0	0	0	0	0	1.6614	0	0	0	0	0	0	0	0	0	0	1.6891	0	0	0	0	0	0	0	0	0	2.9742	0	0	0	0	0	0	0	0	0	0	2.8086	0	0	0	0	0	0	0	0	0	0	0	0	0	0	0	1.9424	0	0	0	0	0	0	0	0	0	0	0	0	0	0	0	2.3892	0	0	0	0	1.5942	0	0	0	0	0	0	2.3761	0	0	0	0	0	0
0	0	0	0	0	0	1.9759	1.0242	2.3727	0	0	0	0	0	0	0	0	1.6614	2.5401	0	2.1916	0	0	0	0	0	0	0	0	0	0	0	0	2.956	0	0	0	0	0	0	0	0	0	0	0	0	0	0	0	0	0	0	0	0	0	0	0	0	0	0	0	0	0	0	0	0	0	0	0	0	0	1.1258	0	0	0	1.5709	0	0	0	0	0	0	0	0	0	1.7181	0	0	1.969	0	0	0	0	0	0	0	0	0	0	0
0	0	0	0	0	0	0	0	2.3727	0	0	0	0	0	0	0	0	1.6614	0	0	0	0	0	2.1937	0	0	1.552	2.295	0	0	2.3887	0	0	0	0	0	0	0	2.9742	0	0	0	0	0	0	0	0	0	0	0	0	0	0	0	1.4534	0	0	0	0	0	0	0	0	0	0	0	0	1.6539	0	2.3653	0	0	0	0	0	0	0	0	0	0	0	0	0	0	0	0	0	0	0	0	1.8885	0	0	0	0	0	0	0	0	0
0	0	0	0	0	0	0	0	0	1.4037	0	0	0	1.0049	0	0	0	0	0	0	0	0	0	0	0	0	0	0	0	0	0	0	0	0	0	0	0	0	0	0	1.5995	0	0	0	0	0	0	0	0	0	1.9497	0	0	0	0	0	0	0	0	0	0	0	1.2425	0	0	0	0	0	0	0	0	0	0	0	0	0	2.4757	0	0	0	0	0	0	0	0	0	0	2.9794	0	0	1.8885	0	0	0	0	0	2.9737	1.204	1.2564	0
0	0	0	0	0	0	0	0	0	0	1.2449	0	0	0	1.684	0	0	0	0	0	2.1916	0	0	0	0	0	1.552	0	0	0	0	0	0	2.956	0	0	0	2.4714	0	0	0	0	0	0	0	0	0	0	0	0	0	0	0	1.6913	0	0	0	0	0	0	0	0	0	0	0	1.9424	0	0	0	0	0	0	0	0	0	0	0	0	0	0	2.1014	0	0	0	0	0	0	0	0	0	0	0	0	2.3761	0	0	2.9737	0	0	0
0	0	0	1.9109	0	0	0	0	0	0	0	2.3778	2.2742	0	0	0	0	0	2.5401	0	0	0	0	0	0	0	0	0	0	0	0	0	0	0	0	0	0	0	0	2.7208	0	0	0	0	2.9565	0	0	0	0	0	0	0	0	0	0	0	0	0	0	2.6688	0	0	0	1.2563	0	0	0	0	0	0	0	0	0	2.9926	0	0	0	0	0	0	0	0	0	0	0	0	0	0	0	0	0	0	0	0	0	0	2.9737	0	1.2564	0
0	2.8354	0	0	1.8513	0	0	0	0	0	0	0	2.2742	0	0	0	0	1.6614	2.5401	0	0	0	2.9736	2.1937	0	0	0	0	0	0	0	0	0	0	0	0	0	0	2.9742	0	0	0	0	0	0	0	0	0	0	0	0	0	0	0	0	0	0	0	0	0	0	0	0	0	0	0	0	0	0	0	0	0	0	0	0	0	0	0	2.5147	0	0	0	0	0	0	0	0	0	0	0	1.8885	0	0	0	0	0	0	1.204	0	0
2.503	0	0	0	1.8513	0	0	0	2.3727	0	0	0	0	1.0049	0	0	1.0524	0	0	0	0	2.4169	2.9736	0	0	0	0	0	0	0	0	0	0	0	0	0	1.1761	0	0	2.7208	0	0	0	0	0	0	0	0	0	0	0	0	0	0	0	0	0	0	0	0	0	0	0	0	0	0	0	0	0	0	0	0	0	0	0	0	0	0	0	0	0	0	0	2.7747	0	0	0	0	1.969	0	0	0	0	0	0	0	0	0	0	0
0	0	0	0	0	0	0	0	0	0	0	0	2.2742	0	1.684	0	0	0	0	0	0	2.4169	0	0	0	0	0	0	0	0	0	0	0	0	0	0	1.1761	0	0	0	0	0	0	0	0	0	0	0	2.3464	2.8086	0	0	0	0	0	1.9236	0	0	0	0	0	0	0	0	2.8982	0	0	0	0	0	0	0	0	0	0	0	0	0	0	0	0	0	0	0	1.8383	0	0	2.9794	0	0	0	0	0	0	0	0	0	0	1.2564	0
0	0	0	0	0	0	0	0	2.3727	0	0	0	0	1.0049	0	1.9031	1.0524	0	0	0	0	0	2.9736	0	0	1.3433	0	0	0	0	0	2.4187	0	0	0	0	0	0	0	0	0	0	0	0	0	0	0	0	0	0	0	0	0	0	0	0	0	0	0	0	0	0	0	0	0	1.9424	0	0	0	0	0	0	2.723	0	0	0	2.4757	0	0	0	0	0	0	0	0	1.7181	0	0	0	0	0	0	0	0	0	0	0	0	0	0
0	0	0	0	0	0	0	0	2.3727	0	0	2.3778	0	0	0	0	1.0524	0	0	0	0	2.4169	0	0	0	0	0	0	0	0	0	0	0	0	1.1244	0	0	2.4714	2.9742	0	0	0	0	0	0	0	0	0	0	0	0	0	0	0	0	0	0	0	0	0	0	0	0	0	0	0	0	0	0	0	0	0	2.723	0	0	0	0	0	0	0	2.1014	0	0	0	0	0	0	0	0	0	0	0	0	0	0	0	2.9737	1.204	0	0
0	0	0	0	0	0	0	1.0242	0	0	0	0	0	0	0	0	0	1.6614	0	0	0	0	0	0	0	0	0	0	0	0	0	0	0	0	0	0	0	0	0	0	0	0	0	0	0	2.5164	0	0	0	0	1.9497	0	0	0	0	0	0	0	0	0	0	0	1.2425	0	0	0	0	0	0	0	0	1.1258	0	0	0	1.5709	0	0	0	1.2449	0	0	0	0	0	1.7181	0	0	0	0	0	0	2.2299	0	0	0	0	0	0	1.1175
0	0	0	0	0	0	0	1.0242	0	0	0	0	2.2742	0	0	0	0	0	2.5401	0	0	0	0	0	0	0	0	0	0	0	0	0	0	0	0	0	0	0	0	0	1.5995	0	0	0	0	0	1.6078	0	0	0	0	0	0	0	0	0	0	0	0	0	2.697	0	0	0	0	0	0	0	0	0	0	0	0	0	0	0	0	0	0	0	0	0	0	2.7747	0	0	0	0	0	0	1.8885	0	0	2.3761	0	1.7251	0	0	0	1.1175
0	0	0	0	0	0	0	0	0	0	0	0	0	0	0	0	0	0	0	2.6591	0	2.4169	0	0	0	0	0	0	0	0	0	0	0	0	0	0	0	0	0	0	0	0	0	0	0	0	0	0	2.3464	2.8086	0	0	0	0	0	0	0	0	0	0	0	0	0	0	0	0	1.2538	0	0	0	2.0669	0	0	0	0	0	0	0	0	0	0	0	0	0	1.8383	0	1.5942	0	0	1.9873	0	0	0	2.3761	1.7045	0	0	0	0	0
0	0	1.8015	0	1.8513	0	0	0	0	0	0	0	0	0	0	0	0	0	0	0	2.1916	2.4169	0	0	0	0	0	0	1.6891	0	0	0	0	0	0	0	0	2.4714	0	0	0	2.9027	0	2.7557	0	0	0	0	0	0	0	0	0	0	0	0	0	0	0	0	0	0	0	1.2563	0	0	0	0	0	0	2.0669	0	0	0	0	0	0	0	0	0	0	2.3892	0	0	0	0	0	0	0	0	0	0	0	0	0	0	0	0	0	0
0	0	0	0	0	0	1.9759	0	0	0	0	0	0	0	0	0	0	0	0	0	0	2.4169	0	0	0	0	1.552	0	0	0	0	0	0	0	0	0	0	0	0	2.7208	0	0	0	0	0	2.5164	0	0	0	0	0	0	0	0	1.4534	0	0	0	0	0	2.697	0	1.2425	0	0	0	0	0	0	0	0	0	0	2.9926	0	0	0	0	0	0	0	0	0	0	0	0	0	2.9794	0	0	0	0	0	0	0	0	0	0	1.2564	0
0	0	0	0	0	0	0	0	0	0	0	2.3778	0	0	0	0	0	0	0	0	2.1916	0	2.9736	0	0	0	0	0	0	0	2.3887	0	0	0	0	0	1.1761	0	0	0	0	0	1.9292	0	0	0	0	0	0	0	0	0	0	0	0	0	0	0	0	0	0	0	0	0	0	0	0	0	2.2163	0	0	0	2.723	0	0	0	0	0	0	0	0	0	0	0	0	0	0	0	0	0	1.8885	0	2.2299	0	0	0	0	1.204	0	0
0	2.8354	0	0	0	2.05	0	0	0	0	1.2449	2.3778	0	0	0	0	0	1.6614	0	0	0	0	0	2.1937	0	1.3433	0	0	0	0	0	0	0	0	0	0	0	0	0	0	0	0	0	0	0	2.5164	0	0	0	0	0	0	0	0	0	0	0	0	0	0	0	0	0	0	2.8982	0	0	0	0	2.3653	0	1.1258	0	0	0	0	0	0	0	0	0	0	0	0	0	0	0	0	0	0	0	0	0	0	0	0	0	0	0	0
0	0	0	0	0	0	0	0	0	0	0	0	2.2742	0	0	0	0	0	0	0	0	0	0	0	2.5931	0	1.552	0	0	0	0	0	0	0	0	0	0	0	0	0	0	0	0	0	0	2.5164	0	0	2.3464	0	0	0	0	0	0	0	0	0	0	0	0	0	0	0	0	0	0	0	0	0	0	0	2.723	2.9926	0	0	2.4757	0	0	0	0	2.3892	0	0	0	0	0	0	0	0	0	0	0	0	1.7045	0	0	0	1.2564	0
0	0	0	0	0	2.05	0	0	0	0	0	0	0	1.0049	0	0	0	0	0	0	0	0	0	0	0	1.3433	0	0	0	0	0	0	0	0	0	0	0	0	0	0	0	0	0	0	0	0	0	0	0	0	0	0	0	0	0	0	2.6482	0	0	0	0	1.7879	0	0	0	0	0	1.6539	0	0	0	0	2.723	0	2.8818	0	0	0	2.5147	0	0	0	0	0	0	0	0	0	1.969	0	0	0	2.2299	0	0	0	0	0	0	0
0	0	0	0	0	0	0	0	0	0	0	0	2.2742	0	0	0	0	0	0	0	0	0	0	0	0	0	1.552	0	0	0	2.3887	0	0	2.956	0	0	0	0	0	2.7208	0	0	0	0	0	0	0	2.153	0	2.8086	0	0	0	0	1.4534	0	0	0	0	0	0	0	0	0	0	0	0	0	2.2163	0	0	0	0	0	0	0	0	0	0	0	0	0	0	0	0	0	0	0	0	1.9873	0	0	0	0	0	0	0	0	1.2564	0
0	0	0	0	0	0	1.9759	0	0	0	0	0	2.2742	0	0	0	0	0	0	0	0	0	0	0	0	0	0	2.295	0	0	0	0	0	0	0	0	0	0	0	0	0	0	0	2.7557	0	0	0	0	0	0	0	0	0	0	0	0	2.6482	0	0	0	2.697	0	0	0	0	0	0	0	0	0	0	1.1258	0	0	0	0	0	0	0	0	2.1014	0	0	0	0	0	0	0	1.969	0	0	0	2.2299	0	0	1.7251	0	0	0	0
0	2.8354	0	0	0	2.05	0	0	0	0	0	0	0	0	0	0	0	0	0	0	0	0	0	0	0	0	0	0	1.6891	1.9421	0	0	0	0	0	0	0	0	0	0	0	2.9027	0	0	0	2.5164	0	0	0	0	1.9497	0	2.9083	0	0	1.9236	0	0	0	0	0	0	0	0	0	0	0	0	0	0	0	0	0	0	0	0	0	0	0	1.2449	2.1014	0	0	0	0	0	0	0	0	0	0	0	0	0	0	0	0	0	0	0
0	0	0	0	0	2.05	0	0	0	0	0	0	2.2742	0	0	0	0	0	0	0	0	2.4169	0	2.1937	0	0	0	0	0	1.9421	0	2.4187	0	0	0	0	0	0	0	2.7208	0	0	0	0	0	0	0	0	0	0	0	0	2.9083	0	0	0	0	0	0	2.6688	0	0	0	0	0	0	0	0	0	0	0	0	0	0	0	0	0	0	0	0	0	0	1.3543	0	0	0	0	0	0	0	1.8885	0	0	0	0	0	0	0	0	0
0	0	0	1.9109	0	0	0	0	0	0	0	0	0	0	0	0	0	0	0	0	0	0	0	2.1937	0	0	0	0	0	0	2.3887	0	0	0	0	0	0	0	0	0	1.5995	2.9027	0	0	0	0	0	0	0	0	0	0	0	0	0	0	0	0	0	0	0	0	0	1.2563	0	0	0	0	0	2.3653	0	0	0	2.9926	0	0	0	1.7109	0	0	0	0	0	0	0	0	1.5942	0	1.969	0	0	0	0	0	0	0	0	0	0	0
0	0	0	0	0	0	0	0	0	0	0	0	0	0	1.684	0	0	0	0	0	2.1916	0	0	0	2.5931	0	0	0	0	0	0	2.4187	0	0	0	0	0	0	0	0	0	2.9027	0	0	0	0	0	0	2.3464	0	0	0	0	0	0	0	0	0	2.6152	0	0	0	0	0	0	0	1.2538	0	0	0	0	0	0	0	0	0	2.4757	0	2.5147	0	0	0	0	0	0	0	0	2.9794	0	0	0	0	0	0	0	0	0	0	0	0
0	0	0	0	0	0	1.9759	1.0242	0	0	0	0	0	1.0049	0	0	0	0	0	0	0	0	0	0	0	0	0	0	0	1.9421	0	0	2.9997	0	1.1244	0	0	0	0	0	0	0	1.9292	0	0	0	0	0	0	0	0	0	0	1.6913	0	0	0	0	0	0	0	0	0	0	2.8982	0	0	0	0	0	0	0	0	2.9926	0	0	0	0	0	0	0	0	0	0	0	0	0	0	0	0	0	0	0	0	1.7045	0	0	0	0	0
0	0	0	1.9109	0	0	0	0	0	0	0	0	0	0	0	0	0	0	2.5401	0	0	0	0	0	0	0	0	0	0	0	0	0	0	2.956	1.1244	1.7305	0	0	0	0	0	0	0	0	0	2.5164	0	0	0	0	0	0	0	0	0	0	0	0	0	0	0	0	0	0	0	0	0	0	0	0	0	1.1258	0	0	0	0	0	0	0	1.2449	0	0	0	0	0	0	0	0	0	1.9873	0	0	0	2.3761	0	0	0	1.204	0	0
0	0	0	0	1.8513	0	0	0	0	0	0	0	2.2742	0	0	0	0	0	0	0	2.1916	2.4169	0	0	0	0	1.552	0	0	0	0	0	0	0	1.1244	0	0	0	0	0	0	0	0	0	0	0	0	0	0	0	0	0	0	1.6913	0	0	0	0	2.6152	0	0	0	0	0	0	0	0	0	0	0	0	0	0	2.9926	2.8818	0	0	0	0	0	0	0	0	0	0	0	1.5942	0	0	0	0	0	0	0	0	0	0	0	0	0
0	0	0	0	1.8513	0	0	0	0	0	0	2.3778	0	0	0	0	0	0	0	2.6591	0	0	0	0	0	0	0	0	0	0	2.3887	0	2.9997	0	1.1244	1.7305	0	0	0	0	0	0	0	0	0	0	0	0	0	0	0	0	0	0	0	0	0	0	2.6152	0	0	0	0	0	0	0	0	0	0	0	0	0	2.723	0	0	0	0	0	0	0	0	2.3892	0	0	0	0	0	2.9794	0	0	0	0	0	0	0	0	0	0	0	0
0	0	0	0	0	0	0	0	0	0	0	0	0	0	0	0	0	0	0	0	2.1916	0	2.9736	0	0	0	1.552	0	0	0	0	0	0	0	0	0	1.1761	0	2.9742	0	0	0	0	0	0	0	0	0	0	2.8086	0	0	0	0	0	0	0	0	0	0	0	0	0	1.2563	0	0	0	0	0	0	0	0	0	2.9926	0	0	0	0	0	0	0	2.3892	0	0	0	0	0	0	0	0	0	0	2.2299	0	0	1.7251	0	0	0	0
0	0	0	0	0	0	0	1.0242	0	0	0	0	0	0	0	0	0	0	0	0	0	0	0	0	2.5931	0	0	0	0	1.9421	2.3887	0	0	2.956	0	0	0	2.4714	0	0	0	0	0	0	0	0	0	0	0	0	0	0	0	0	1.4534	0	0	0	0	0	0	0	0	0	0	0	0	0	2.2163	0	0	1.1258	0	0	0	0	0	0	0	0	0	0	0	0	0	0	0	0	0	0	0	1.4425	0	0	0	0	0	0	0	1.1175
0	0	0	0	0	0	0	0	0	0	0	0	0	0	0	0	0	0	0	0	0	0	0	2.1937	0	0	0	0	0	0	2.3887	0	0	0	0	0	0	0	2.9742	2.7208	0	0	0	0	0	0	0	0	0	0	0	0	0	0	0	0	0	0	0	0	0	0	0	0	0	0	0	0	0	2.3653	0	0	2.723	0	2.8818	1.5709	0	0	0	1.2449	0	2.3892	1.3543	0	0	0	0	0	0	0	0	0	0	0	0	0	0	0	0	0
0	0	1.8015	0	0	0	0	0	0	1.4037	1.2449	0	0	0	0	0	0	0	2.5401	0	0	0	0	0	0	0	0	0	0	0	0	0	0	0	0	0	0	0	0	2.7208	0	0	0	0	0	0	0	0	0	0	0	0	0	1.6913	0	0	0	0	0	2.6688	0	0	0	0	0	0	1.2538	0	0	0	0	0	0	0	0	0	0	0	0	0	0	2.3892	0	0	0	0	0	0	0	1.9873	0	0	0	0	1.7045	0	0	0	0	0
0	0	0	0	0	0	0	0	0	0	0	0	0	0	0	0	0	0	0	0	2.1916	0	0	2.1937	0	0	0	0	0	0	0	0	0	0	0	0	0	0	0	0	1.5995	0	1.9292	0	2.9565	0	0	2.153	0	2.8086	0	2.3814	0	0	0	0	0	0	0	0	0	0	0	0	0	0	0	0	0	0	0	0	0	0	0	0	0	0	0	0	0	0	0	0	1.8383	0	1.5942	2.9794	0	0	0	0	0	0	0	0	0	0	0	0
2.503	0	1.8015	0	0	2.05	0	0	0	0	0	0	0	0	0	0	0	1.6614	0	0	2.1916	0	0	0	0	0	0	0	1.6891	1.9421	0	2.4187	0	0	0	0	0	0	0	0	0	2.9027	0	0	0	0	0	0	0	2.8086	0	0	0	0	0	0	0	0	0	0	0	0	0	0	0	0	0	0	0	0	0	0	0	0	0	0	0	0	0	0	0	0	0	0	0	0	0	0	0	0	0	0	0	0	0	0	0	1.204	0	0
0	0	0	0	0	0	0	0	0	0	0	0	0	0	0	0	0	1.6614	0	0	0	0	0	0	0	0	0	0	0	1.9421	0	0	0	0	0	0	0	0	0	0	0	0	1.9292	0	0	0	0	0	0	0	0	2.3814	0	0	0	0	2.6482	0	0	0	0	1.7879	0	0	0	0	0	1.6539	0	0	0	0	0	0	2.8818	0	0	0	2.5147	0	0	0	0	0	1.8383	0	0	0	0	0	0	0	0	0	1.7045	0	0	0	0	0
0	0	0	0	0	2.05	0	0	0	0	0	0	0	0	0	0	0	0	0	0	0	0	0	0	0	0	0	0	0	0	0	0	0	0	0	0	0	0	0	2.7208	0	0	0	2.7557	2.9565	0	0	0	0	0	0	0	0	0	0	0	2.6482	0	0	0	0	1.7879	0	0	0	0	1.2538	1.6539	0	0	0	0	0	0	0	1.5709	0	0	0	0	0	0	0	0	0	0	0	0	1.969	0	0	0	0	0	0	0	0	1.204	0	0
2.503	0	0	1.9109	0	0	0	0	0	0	0	0	0	0	0	0	0	0	0	0	0	0	0	0	0	1.3433	1.552	0	0	0	0	0	0	0	0	0	0	0	2.9742	0	0	0	0	0	2.9565	0	0	0	0	0	0	0	0	0	0	0	0	0	0	0	0	0	1.2425	0	2.8982	0	1.2538	0	0	0	0	0	0	0	0	0	0	0	0	0	0	0	0	0	0	0	0	0	0	0	0	1.4425	0	0	0	0	0	1.204	0	0
0	0	0	0	1.8513	0	0	0	0	0	0	0	0	0	0	0	0	0	0	0	0	0	0	0	0	0	0	0	0	0	0	2.4187	0	0	1.1244	0	0	0	0	0	0	0	0	2.7557	0	2.5164	1.6078	0	0	0	0	0	0	1.6913	0	1.9236	0	0	0	0	0	0	0	0	2.8982	0	0	0	0	0	0	0	0	0	0	0	0	0	0	0	0	0	0	0	0	0	1.5942	0	1.969	0	0	0	0	0	0	0	0	0	0	0
0	0	1.8015	0	0	0	0	1.0242	0	0	0	0	0	0	0	0	0	0	0	0	0	0	0	0	0	1.3433	0	0	0	0	0	0	0	2.956	1.1244	0	0	0	0	0	0	0	0	0	0	0	1.6078	0	0	0	0	0	2.9083	0	0	0	0	0	0	0	0	0	1.2425	0	0	0	0	0	0	0	0	0	0	0	0	0	0	0	2.5147	0	0	0	1.3543	0	0	0	0	0	0	0	0	1.4425	0	0	0	0	0	0	0	0
0	0	0	0	0	0	0	0	0	0	0	0	2.2742	0	0	0	0	0	0	0	2.1916	0	0	0	2.5931	0	0	0	0	0	0	2.4187	0	0	0	0	0	0	0	0	0	0	0	0	0	0	0	2.153	0	2.8086	0	0	0	0	1.4534	0	0	0	0	0	0	1.7879	0	0	0	0	0	0	0	0	0	0	0	0	0	1.5709	0	0	0	0	0	2.3892	0	0	0	0	0	0	0	1.9873	0	0	0	0	0	0	0	0	0	0
0	0	0	0	0	0	0	0	0	0	0	0	0	0	0	0	0	0	0	0	0	0	0	0	0	0	0	0	0	0	0	0	0	2.956	0	0	1.1761	2.4714	0	0	0	0	0	0	0	0	0	0	2.3464	0	0	0	0	1.6913	0	0	0	1.9809	0	0	0	0	0	0	0	0	0	0	0	0	0	0	0	2.9926	0	0	0	0	0	0	0	0	0	2.7747	0	1.7181	0	0	0	0	0	0	2.2299	0	0	0	2.9737	0	0	0
0	0	0	0	0	0	0	0	0	0	0	0	0	0	0	0	1.0524	0	2.5401	2.6591	2.1916	0	0	0	2.5931	0	0	0	0	0	0	2.4187	2.9997	0	0	0	0	0	0	0	0	0	0	0	0	0	0	0	0	2.8086	0	0	0	0	0	0	0	0	0	0	0	0	0	0	0	0	1.2538	0	0	0	0	0	0	0	0	0	2.4757	0	0	0	0	0	0	0	0	0	0	0	0	0	0	0	0	2.3761	0	0	0	0	0	0
0	2.8354	0	0	0	0	1.9759	0	0	0	0	0	0	0	0	0	0	0	0	0	0	0	0	2.1937	0	0	0	0	0	0	0	0	0	0	0	0	0	0	0	0	0	0	0	0	0	0	0	0	0	0	1.9497	0	0	0	0	0	0	0	0	0	0	0	0	0	2.8982	1.9424	0	0	0	0	0	0	0	0	2.8818	0	0	0	0	0	0	0	0	0	0	0	0	0	0	0	0	0	2.2299	2.3761	0	0	0	1.204	1.2564	0
0	0	0	0	0	0	1.9759	0	0	1.4037	0	0	2.2742	0	0	0	0	0	0	0	0	0	0	0	0	0	0	0	0	0	0	0	0	0	0	0	0	0	0	0	1.5995	0	1.9292	0	0	0	0	0	2.3464	0	0	2.3814	0	1.6913	0	0	0	0	0	0	0	0	0	0	0	0	0	1.6539	2.2163	0	0	0	0	0	0	0	0	0	0	0	0	0	0	0	0	0	0	0	0	0	0	0	0	0	0	1.7251	0	0	0	0
0	0	0	0	0	0	0	0	0	1.4037	0	0	0	0	0	0	0	0	2.5401	0	0	0	0	0	0	0	0	0	1.6891	0	0	0	0	0	0	0	0	0	0	0	0	0	0	0	0	0	0	0	0	0	0	2.3814	2.9083	0	0	0	0	0	0	0	0	0	1.2425	0	0	0	0	0	0	0	0	0	0	0	0	0	0	0	0	1.2449	0	2.3892	0	0	0	0	0	2.9794	0	0	0	1.4425	0	0	0	1.7251	0	0	0	0
0	0	0	0	0	0	0	0	0	0	0	0	0	0	0	0	0	0	0	0	0	0	0	0	0	0	0	0	0	0	0	0	2.9997	0	0	1.7305	0	0	0	2.7208	1.5995	2.9027	0	0	0	0	0	0	0	0	0	0	0	1.6913	0	0	0	1.9809	0	0	0	0	0	0	0	0	0	0	0	0	0	0	0	0	2.8818	0	0	0	0	0	0	0	0	0	1.8383	1.7181	0	0	0	0	0	0	2.2299	0	0	0	0	0	0	0
0	0	1.8015	0	0	0	0	0	0	0	1.2449	0	0	1.0049	0	0	0	0	0	2.6591	0	0	0	0	0	1.3433	0	0	0	0	0	0	0	0	0	0	0	0	0	0	0	0	0	0	0	0	1.6078	0	0	0	0	0	0	0	1.4534	0	0	0	0	0	2.697	0	1.2425	1.2563	0	0	0	0	0	0	0	0	0	0	0	1.5709	0	0	0	0	0	0	0	0	0	0	0	0	0	0	0	0	0	0	0	0	0	0	0	0
0	0	0	1.9109	0	0	1.9759	0	0	0	0	0	0	0	0	0	1.0524	0	0	0	0	0	0	0	0	0	0	0	0	0	0	0	0	0	0	0	0	0	0	0	0	0	0	2.7557	0	2.5164	0	0	0	2.8086	1.9497	0	0	0	0	1.9236	0	0	0	0	2.697	0	0	0	0	0	0	0	2.2163	0	0	0	0	0	0	0	0	0	0	0	0	0	0	0	0	0	0	0	0	0	0	0	0	0	0	0	0	0	0	1.1175
0	0	0	0	0	0	0	0	0	0	1.2449	0	0	0	0	0	0	0	0	0	0	0	2.9736	0	0	0	0	0	1.6891	0	0	2.4187	0	0	0	0	0	2.4714	0	0	0	0	0	2.7557	0	2.5164	0	0	0	0	0	0	0	0	0	0	2.6482	0	0	0	0	0	0	0	0	0	0	0	0	2.3653	0	0	0	0	0	0	0	0	0	0	2.1014	0	0	0	0	0	0	0	0	0	0	0	0	0	0	1.7251	0	0	0	0
2.503	0	0	0	0	0	0	0	0	0	0	2.3778	0	0	0	1.9031	0	0	0	0	0	0	0	0	0	0	0	2.295	0	1.9421	0	0	0	0	0	1.7305	0	0	0	0	0	0	0	0	0	2.5164	0	0	0	0	0	0	0	0	0	1.9236	0	1.9809	0	0	0	0	0	0	0	0	0	0	0	0	0	0	0	0	0	0	0	0	0	0	0	0	0	0	1.8383	0	0	0	0	0	0	0	0	0	0	0	0	1.204	0	0
0	0	0	0	0	0	1.9759	0	0	0	0	0	2.2742	1.0049	0	1.9031	0	1.6614	0	0	0	0	0	2.1937	2.5931	0	0	0	0	0	0	0	0	0	0	0	0	0	0	0	0	0	0	0	0	0	0	2.153	0	0	0	0	0	0	0	0	0	0	2.6152	0	0	0	0	0	0	0	0	0	0	0	0	0	2.723	2.9926	0	0	0	0	0	0	0	0	0	0	0	0	0	0	0	0	0	0	0	0	0	0	0	0	0	0
0	2.8354	0	0	0	0	0	0	0	0	0	0	0	0	0	1.9031	0	0	0	0	0	0	0	0	0	1.3433	0	0	0	0	0	0	0	0	0	0	0	0	0	0	0	2.9027	0	2.7557	0	0	0	0	0	0	0	0	0	0	0	0	0	1.9809	0	2.6688	0	1.7879	0	0	0	0	0	0	2.2163	0	0	0	0	0	2.8818	0	0	0	0	0	0	0	0	0	0	1.7181	0	0	0	0	0	0	0	0	0	0	0	0	0	0
0	0	0	0	0	0	0	0	0	0	0	0	0	0	0	0	0	0	0	0	0	0	0	0	0	0	0	0	0	0	0	2.4187	2.9997	0	0	0	0	0	0	0	0	0	0	0	0	0	1.6078	2.153	0	2.8086	0	0	0	0	0	0	0	1.9809	0	2.6688	2.697	0	0	0	0	0	0	0	0	0	0	0	2.723	0	0	0	0	0	0	0	0	0	0	0	0	0	0	2.9794	0	0	0	0	0	0	0	1.7251	0	0	0	0
2.503	0	0	0	1.8513	0	0	0	0	0	0	0	0	0	0	0	0	0	0	0	0	0	0	0	0	0	0	0	0	0	0	0	0	0	0	0	0	2.4714	0	0	0	2.9027	0	0	0	0	0	0	0	0	0	0	0	0	0	0	0	0	0	2.6688	0	1.7879	1.2425	0	2.8982	0	0	0	0	0	0	0	0	2.9926	0	0	0	1.7109	0	0	0	0	0	0	0	0	0	0	0	0	0	0	0	0	1.7045	0	0	0	0	0
0	0	0	1.9109	0	0	0	0	0	0	0	0	0	0	0	0	0	0	0	0	0	0	0	0	0	0	0	2.295	0	0	2.3887	0	0	2.956	0	0	0	0	0	0	0	0	0	0	0	0	0	0	2.3464	0	0	0	0	0	0	0	0	1.9809	0	0	0	0	1.2425	0	0	0	0	0	0	0	0	0	0	0	0	0	0	0	0	0	0	0	0	2.7747	0	0	1.5942	0	1.969	0	0	0	0	0	0	1.7251	0	0	0	0
0	0	0	0	0	0	0	0	0	0	1.2449	0	0	0	0	0	0	0	0	0	0	0	0	0	0	0	0	0	0	0	0	0	0	0	0	0	0	0	2.9742	0	0	0	1.9292	2.7557	2.9565	0	0	0	0	0	0	0	0	0	0	0	0	0	0	2.6688	0	0	0	1.2563	0	0	1.2538	1.6539	0	0	0	0	0	2.9926	0	0	0	0	0	1.2449	0	0	0	0	0	0	0	0	0	0	0	0	0	0	0	0	0	0	0	0
0	0	0	0	0	2.05	0	0	0	0	1.2449	2.3778	0	0	0	1.9031	0	0	0	0	0	0	2.9736	0	0	0	0	0	0	0	2.3887	0	0	0	0	0	0	2.4714	0	0	0	0	1.9292	0	0	0	0	0	0	0	0	0	0	1.6913	0	0	0	0	2.6152	0	0	0	0	0	2.8982	0	0	0	0	0	0	0	0	0	0	0	0	0	0	0	0	0	0	0	0	0	0	0	0	0	0	0	0	0	0	0	0	0	0	0
0	0	0	1.9109	0	0	0	0	0	0	0	0	0	0	0	0	0	1.6614	0	0	0	0	2.9736	0	0	0	1.552	0	0	0	0	0	0	0	0	0	0	0	0	0	1.5995	0	0	0	2.9565	2.5164	0	0	0	0	0	0	0	0	0	0	2.6482	0	0	0	0	0	0	0	0	1.9424	0	0	2.2163	0	0	0	0	0	0	0	0	0	0	0	0	0	0	0	0	0	0	0	0	0	0	0	0	0	1.7045	0	0	0	0	0
2.503	0	0	0	0	0	1.9759	0	0	0	0	0	0	0	0	0	0	0	0	0	0	0	0	0	0	0	1.552	0	0	1.9421	0	0	0	0	0	0	0	0	0	0	0	2.9027	0	0	2.9565	2.5164	0	0	0	0	0	2.3814	0	0	0	0	0	0	0	0	0	0	0	0	0	0	1.2538	0	0	0	0	0	0	0	0	0	0	0	0	1.2449	0	0	0	0	0	0	0	0	0	0	1.8885	0	0	0	0	0	0	0	0	0
0	0	0	0	0	0	1.9759	0	0	0	0	0	0	0	1.684	0	0	0	0	0	0	0	0	0	0	0	0	0	0	0	0	0	0	0	0	1.7305	0	0	0	0	1.5995	0	0	0	0	0	0	0	0	0	0	0	0	0	0	0	0	0	0	0	0	0	0	0	0	0	0	1.6539	2.2163	0	0	0	0	0	0	0	0	0	0	0	0	2.3892	0	2.7747	0	0	0	0	0	0	0	1.4425	2.2299	2.3761	0	0	0	0	0	0
0	0	0	1.9109	0	0	0	0	0	0	0	0	0	0	0	1.9031	0	0	0	2.6591	0	0	0	0	0	0	0	0	0	0	0	0	0	0	0	1.7305	0	0	0	0	0	0	0	0	0	0	0	0	2.3464	0	1.9497	0	0	0	0	0	0	0	2.6152	0	0	0	0	0	0	1.9424	0	0	2.2163	2.3653	0	0	0	0	0	0	0	0	0	0	0	0	0	0	0	0	0	0	0	0	0	0	0	0	0	0	0	0	0	1.1175
0	0	0	0	0	0	0	0	0	0	0	0	0	1.0049	1.684	0	0	0	0	0	0	0	0	0	0	0	0	0	0	0	0	0	0	2.956	0	0	0	0	0	0	0	0	0	0	0	0	0	0	0	0	0	0	0	0	0	0	0	0	0	2.6688	0	0	0	0	0	0	0	0	0	2.3653	0	0	0	2.9926	0	0	0	0	0	0	0	0	0	0	0	0	1.5942	2.9794	0	0	0	0	0	2.3761	1.7045	0	0	0	0	1.1175
0	0	0	1.9109	0	0	0	0	0	0	0	0	0	0	0	0	0	0	0	0	0	0	0	0	0	0	0	0	0	0	0	0	0	0	0	0	1.1761	0	2.9742	0	0	0	0	0	0	0	0	2.153	0	0	0	0	0	0	0	0	0	0	0	2.6688	0	0	0	0	0	0	0	1.6539	0	0	2.0669	0	0	0	0	1.5709	2.4757	0	0	0	0	0	0	0	1.8383	0	0	0	0	0	0	0	0	0	0	0	0	1.204	0	0
0	2.8354	0	0	1.8513	0	0	0	0	0	0	0	0	0	0	0	0	0	0	0	0	0	0	0	0	0	0	0	0	0	0	0	2.9997	0	0	1.7305	0	0	0	0	0	2.9027	0	2.7557	0	0	0	0	0	0	0	2.3814	0	0	0	0	0	0	0	0	0	0	0	0	0	0	1.2538	0	0	0	0	1.1258	0	0	2.8818	0	0	0	0	0	0	0	0	0	0	0	0	0	0	0	0	0	0	0	0	0	0	0	0	1.1175
0	0	0	0	0	0	1.9759	0	2.3727	0	0	0	0	0	0	0	0	0	2.5401	2.6591	0	0	0	0	0	0	1.552	0	0	0	0	0	0	0	0	0	0	0	0	0	0	0	0	2.7557	0	0	0	0	0	0	1.9497	0	0	0	0	0	0	0	0	2.6688	0	0	0	0	0	0	0	0	0	2.3653	2.0669	0	2.723	0	0	0	0	0	0	0	0	0	0	0	0	0	0	0	0	0	0	0	0	0	0	0	0	0	0	0
0	0	0	0	0	2.05	0	0	0	0	0	2.3778	2.2742	0	0	0	0	0	0	0	0	0	0	0	0	0	0	0	0	0	0	0	0	0	0	0	0	0	0	0	0	0	0	0	0	0	0	0	0	0	0	0	2.9083	0	0	0	0	1.9809	0	0	0	0	0	0	0	0	1.2538	1.6539	2.2163	0	0	0	0	2.9926	0	0	2.4757	0	0	0	2.1014	0	0	0	0	0	0	0	0	0	0	0	0	0	0	0	0	0	0	0
0	0	0	0	0	0	0	0	0	0	0	0	0	0	0	0	0	0	2.5401	0	0	0	0	0	0	0	0	0	0	1.9421	0	0	2.9997	0	0	0	0	0	0	2.7208	0	0	0	0	2.9565	0	0	0	0	0	0	0	0	0	0	0	0	0	0	2.6688	0	0	0	0	0	0	1.2538	0	2.2163	0	0	0	0	0	2.8818	1.5709	0	0	0	0	0	0	0	0	0	0	0	2.9794	0	0	0	0	0	0	0	0	0	0	0	0
0	2.8354	0	0	0	0	0	0	0	0	0	0	0	0	0	0	0	0	0	0	0	0	0	0	0	0	0	0	0	0	2.3887	0	0	0	0	0	1.1761	0	2.9742	0	1.5995	0	0	0	2.9565	0	1.6078	0	0	0	0	0	0	0	1.4534	0	0	0	0	0	0	0	0	0	0	0	0	0	0	0	0	0	0	0	0	1.5709	0	0	0	1.2449	0	0	0	0	0	0	0	0	0	0	0	0	2.2299	0	0	0	0	0	0	0
0	0	0	0	0	0	0	0	0	0	0	0	0	0	0	0	0	0	0	0	0	0	2.9736	0	0	0	0	0	1.6891	1.9421	0	0	0	0	0	0	0	0	2.9742	0	0	0	0	0	0	0	0	0	0	0	0	0	0	0	0	0	0	0	0	0	0	1.7879	0	0	0	0	0	0	0	0	0	1.1258	0	0	0	0	2.4757	0	0	0	0	0	0	0	1.8383	0	0	0	1.969	0	0	0	2.2299	0	0	1.7251	0	0	0	0
0	0	0	0	0	0	1.9759	0	0	0	0	0	0	1.0049	0	0	0	1.6614	0	0	0	0	0	0	2.5931	0	0	0	1.6891	0	0	0	0	2.956	0	0	0	0	0	0	0	0	0	0	0	0	0	0	0	0	1.9497	2.3814	0	0	1.4534	0	0	0	0	0	0	0	0	0	0	0	0	0	0	0	0	0	0	0	0	0	0	1.7109	0	0	0	0	0	0	0	0	0	0	0	0	0	0	2.2299	0	0	0	0	0	0	0
0	0	0	0	1.8513	0	0	0	0	1.4037	0	0	0	0	0	0	0	0	0	0	0	0	0	0	0	0	1.552	0	0	0	0	0	0	0	0	1.7305	0	0	0	0	0	0	0	0	2.9565	2.5164	0	0	0	0	0	0	0	0	0	0	0	0	0	0	0	0	0	0	0	0	0	0	0	0	2.0669	0	0	0	0	0	0	1.7109	2.5147	0	2.1014	0	0	0	0	0	0	0	0	0	0	0	2.2299	0	0	0	0	0	0	0
0	0	1.8015	0	1.8513	0	0	0	0	0	0	0	0	0	0	0	0	0	0	0	0	0	2.9736	0	0	0	0	0	1.6891	0	2.3887	0	0	0	0	0	0	0	0	0	0	0	0	0	0	0	0	0	0	0	0	0	0	0	1.4534	0	0	0	0	0	0	0	0	0	0	0	1.2538	0	0	0	0	0	2.723	0	2.8818	0	0	0	0	1.2449	0	0	0	0	0	0	0	0	1.969	0	0	0	0	0	0	0	0	0	0	0
0	0	0	0	0	0	0	0	0	0	0	0	0	0	1.684	0	0	0	0	0	0	0	0	2.1937	0	0	0	0	0	0	0	0	0	2.956	1.1244	0	0	0	0	2.7208	0	0	0	0	0	0	0	2.153	0	0	0	0	0	0	0	0	0	1.9809	0	0	0	0	0	0	0	0	1.2538	0	0	0	0	0	0	0	0	0	0	1.7109	0	0	2.1014	0	0	0	0	0	1.5942	0	0	0	0	0	0	0	0	0	0	0	0	0
0	0	0	0	0	2.05	0	1.0242	0	0	0	0	2.2742	0	0	0	0	0	0	0	0	0	0	0	0	0	0	0	0	0	0	0	0	0	0	0	0	0	0	2.7208	0	0	0	2.7557	0	0	0	0	0	0	0	0	0	0	1.4534	0	0	0	0	0	0	0	1.2425	0	0	0	0	0	0	0	0	0	0	0	0	0	0	1.7109	2.5147	0	0	2.3892	0	0	0	0	0	0	0	0	0	0	0	0	0	0	2.9737	0	0	0
2.503	0	0	0	0	0	0	0	0	0	0	0	0	0	1.684	0	0	0	0	0	0	0	0	0	0	1.3433	0	0	0	0	0	0	0	2.956	0	0	0	0	0	0	0	0	0	0	0	0	0	0	0	0	0	0	0	0	0	0	0	1.9809	0	0	0	1.7879	0	0	2.8982	1.9424	0	0	0	0	0	0	0	0	0	0	0	0	0	1.2449	0	0	1.3543	0	0	0	0	0	0	0	0	0	0	2.3761	0	0	0	0	0	0
0	0	0	0	0	0	0	0	0	0	0	0	0	0	0	0	0	0	0	2.6591	0	0	0	0	0	0	0	2.295	0	0	2.3887	0	0	0	0	0	0	0	0	0	0	0	0	0	0	2.5164	1.6078	0	2.3464	0	0	0	0	0	0	0	0	0	0	0	0	1.7879	1.2425	0	0	0	0	0	2.2163	0	0	0	0	0	0	1.5709	0	0	0	0	0	0	0	2.7747	0	0	0	0	0	0	0	0	0	0	0	0	0	0	0	0
2.503	0	0	0	0	0	0	1.0242	0	0	0	2.3778	0	0	0	0	0	0	0	0	0	0	0	0	0	0	0	0	0	1.9421	0	0	0	0	0	0	0	0	0	0	0	0	0	0	0	0	0	0	0	0	1.9497	0	0	0	0	0	0	1.9809	0	0	0	0	0	0	2.8982	0	0	0	0	0	0	0	2.723	2.9926	0	0	0	0	0	0	0	0	0	0	1.8383	0	0	0	0	0	0	0	0	0	0	1.7251	0	0	0	0
0	0	1.8015	0	0	0	0	1.0242	0	0	0	0	0	0	0	0	0	0	0	0	0	0	0	0	2.5931	1.3433	0	0	0	0	0	0	0	0	1.1244	0	0	0	0	0	0	0	0	0	0	2.5164	0	2.153	2.3464	0	0	0	0	0	0	0	0	0	0	0	0	0	0	0	0	0	0	0	0	0	0	0	0	0	0	0	0	0	0	0	0	0	0	0	0	1.7181	0	0	0	0	0	1.4425	0	0	0	0	0	0	0	1.1175
0	0	0	1.9109	0	0	0	0	0	0	0	0	0	0	0	0	0	0	0	0	0	2.4169	0	0	0	0	1.552	0	0	1.9421	0	0	0	0	1.1244	0	0	0	0	2.7208	0	0	0	0	2.9565	0	0	0	0	0	0	0	0	0	0	0	0	0	0	0	0	0	0	0	0	0	0	0	0	0	0	1.1258	0	2.9926	0	0	0	0	0	0	0	0	0	0	0	0	1.5942	0	0	0	0	1.4425	0	0	0	0	0	0	0	0
0	0	0	0	0	2.05	0	1.0242	0	0	1.2449	0	0	0	0	0	0	0	0	0	0	0	0	2.1937	0	0	0	0	1.6891	0	0	0	2.9997	0	0	0	0	0	0	0	1.5995	0	0	0	0	0	0	0	0	2.8086	0	0	0	0	0	0	0	1.9809	0	0	0	0	0	0	0	0	0	0	0	0	0	0	0	2.9926	0	0	0	0	0	0	0	0	0	0	0	0	0	2.9794	0	0	0	0	0	0	0	0	0	0	0	0
0	0	0	0	0	0	0	0	0	0	0	2.3778	0	0	0	0	0	0	0	0	0	0	2.9736	0	0	0	0	0	0	0	0	0	0	0	0	0	0	2.4714	0	0	0	0	0	0	0	0	0	0	0	0	0	0	0	0	1.4534	0	0	0	0	0	0	0	0	0	0	0	1.2538	0	2.2163	0	0	0	0	0	0	0	0	0	2.5147	0	0	0	0	0	0	0	0	0	1.969	0	0	1.4425	0	0	0	1.7251	0	0	1.2564	0
0	0	1.8015	0	0	0	0	0	0	0	0	0	2.2742	0	0	0	0	0	0	0	0	0	0	0	0	0	0	0	0	0	2.3887	0	0	0	0	0	0	0	0	0	0	2.9027	0	0	0	0	0	0	2.3464	0	0	0	0	0	0	0	0	0	0	0	0	0	0	0	0	0	0	0	0	0	0	0	0	0	2.8818	0	0	0	0	0	2.1014	2.3892	0	0	0	1.7181	0	0	0	1.9873	1.8885	0	0	0	0	0	0	0	0	0
0	2.8354	0	0	0	0	0	0	0	0	0	0	2.2742	0	0	0	0	0	0	0	2.1916	2.4169	0	0	0	0	0	0	0	0	0	0	0	0	0	0	1.1761	2.4714	0	0	0	0	0	0	0	0	0	0	0	0	0	0	0	0	0	0	0	1.9809	0	0	0	0	0	0	0	0	0	0	0	0	0	0	0	0	0	0	0	0	0	0	0	0	0	0	0	0	0	2.9794	0	0	1.8885	0	0	2.3761	0	0	0	0	1.2564	0
0	0	0	0	0	0	0	0	0	0	0	0	2.2742	0	0	0	0	0	0	0	0	0	0	2.1937	0	0	1.552	2.295	0	0	0	0	0	0	0	0	0	0	0	0	0	0	1.9292	0	0	0	0	0	0	0	0	0	0	0	0	0	0	1.9809	0	2.6688	0	1.7879	0	0	0	0	0	0	2.2163	0	0	0	0	0	0	0	0	0	0	0	0	0	0	0	0	0	0	0	1.969	0	0	1.4425	0	0	0	0	0	0	0	0
0	0	0	0	0	0	0	0	0	0	0	0	0	0	0	0	0	1.6614	2.5401	0	0	0	0	0	0	0	0	0	0	0	2.3887	2.4187	0	0	0	0	0	0	2.9742	0	0	0	0	2.7557	0	0	0	0	0	0	0	0	2.9083	0	0	0	0	0	0	0	0	0	0	0	0	0	0	0	0	0	0	0	0	0	0	0	2.4757	0	0	0	0	2.3892	0	0	0	0	0	2.9794	0	0	0	0	2.2299	0	0	0	0	0	0	0
0	0	0	0	0	0	0	0	0	0	0	0	0	0	0	0	0	0	0	0	0	0	0	0	0	0	0	0	0	0	0	2.4187	0	0	0	1.7305	0	0	0	0	0	0	0	0	2.9565	0	0	2.153	0	0	0	0	0	0	0	0	2.6482	0	0	0	0	0	0	0	0	0	0	1.6539	2.2163	0	0	0	0	0	0	1.5709	0	0	0	0	0	0	0	0	0	0	0	0	1.969	0	0	0	0	2.3761	1.7045	0	0	0	0	0
0	0	0	0	0	2.05	0	0	0	0	0	0	0	0	0	0	0	0	2.5401	0	0	0	0	0	0	0	0	0	0	0	0	0	0	0	0	0	0	0	2.9742	2.7208	0	0	0	2.7557	0	0	0	0	0	0	0	0	0	0	1.4534	0	0	0	0	0	0	0	0	0	2.8982	0	0	0	0	0	0	0	0	2.9926	2.8818	0	0	0	0	0	0	0	1.3543	0	0	0	0	0	0	0	0	0	0	0	1.7045	0	0	0	0	0
0	0	0	0	0	0	0	0	0	0	0	0	0	1.0049	1.684	0	0	0	0	0	0	0	0	0	0	0	0	0	0	1.9421	2.3887	0	0	0	0	0	0	0	0	0	1.5995	0	0	0	0	0	1.6078	0	0	0	0	0	0	0	0	0	0	0	0	0	0	0	1.2425	0	0	0	0	0	0	0	0	1.1258	0	0	2.8818	0	0	0	0	0	0	0	0	0	0	0	0	0	0	0	0	0	0	0	0	1.7251	0	0	1.2564	0
0	0	0	0	0	0	0	0	0	0	0	0	2.2742	0	0	1.9031	0	0	0	0	0	2.4169	0	0	2.5931	0	1.552	0	0	0	2.3887	0	0	0	0	0	0	0	0	0	0	0	0	0	0	0	0	0	0	0	0	0	0	0	0	0	0	0	0	2.6688	0	0	0	0	0	0	0	0	0	0	0	0	0	0	0	1.5709	0	0	0	0	0	0	0	0	1.8383	0	0	0	0	0	0	0	0	0	0	0	2.9737	0	0	1.1175
0	0	0	0	0	0	0	0	0	0	0	2.3778	0	0	0	0	0	1.6614	0	0	0	0	0	2.1937	0	0	0	0	0	0	2.3887	2.4187	0	0	0	0	0	0	0	0	0	0	0	0	0	2.5164	0	0	0	0	0	0	0	0	0	0	0	0	0	0	2.697	0	0	0	0	1.9424	0	0	0	0	0	0	0	0	0	0	0	0	0	0	0	0	0	0	0	0	0	0	0	0	1.8885	0	0	0	0	0	0	1.204	0	1.1175
0	0	0	0	0	0	0	0	2.3727	1.4037	0	0	0	0	0	0	0	0	0	0	0	0	0	0	0	1.3433	1.552	0	1.6891	0	0	0	0	0	0	0	0	2.4714	0	0	0	0	0	0	0	2.5164	0	0	0	0	0	0	0	0	0	0	2.6482	0	0	0	0	0	0	0	0	0	0	0	0	0	0	0	0	0	0	0	0	0	0	0	0	0	0	0	0	0	0	2.9794	1.969	0	0	0	0	0	0	0	0	0	1.2564	0
0	0	0	0	0	0	0	0	0	0	1.2449	0	0	0	0	0	0	0	0	0	0	0	0	0	0	0	0	2.295	0	0	0	0	2.9997	0	0	0	0	2.4714	0	0	0	0	0	0	0	0	0	0	0	0	0	0	0	0	0	0	0	1.9809	0	0	2.697	0	1.2425	0	2.8982	1.9424	0	0	0	0	0	0	0	0	0	1.5709	0	0	0	0	0	0	0	0	0	0	0	0	0	0	0	0	0	0	0	0	0	0	0	1.1175
0.0832	0.6236	0.3227	0.3041	0.9061	0.5048	0.2554	0.0737	0.0911	0.2463	0.7206	0.6579	0.8942	0.9447	0.6212	0.9927	0.0744	0.0264	0.7224	0.9317	0.2295	0.1527	0.226	0.3506	0.9222	0.2832	0.211	0.6102	0.7876	0.4308	0.1579	0.2705	0.1466	0.997	0.8744	0.683	0.2668	0.5525	0.7975	0.5845	0.331	0.8158	0.6025	0.5024	0.7606	0.7132	0.0467	0.8969	0.5549	0.4865	0.7938	0.5816	0.1672	0.3049	0.2623	0.8952	0.9315	0.6409	0.5464	0.164	0.2725	0.2198	0.6516	0.2148	0.5873	0.1685	0.073	0.6646	0.3293	0.6882	0.3213	0.3741	0.2716	0.8325	0.4806	0.4003	0.5017	0.8256	0.4515	0.1159	0.5604	0.7897	0.4155	0.3652	0.9022	0.2391	0.6487	0.9607	0.9187	0.8822	0.8193	0.0288	0.1316	0.4346	0.7262	0.7251	0.7767	0.9006	0.612	0.0346
0.3320212181575013 0.6962600344636639 0.5039628692039055 0.3530542347136799 0.4654167976600241 0.20233415243324782 0.21282513416604554 0.8073270085443618 0.4388951235606652 0.2513491825268618 0.07715141774936296 0.24417134829265397 0.7235206562055904 0.15031147026701897 0.12414039669452726 0.7403252705159067 0.22024084110583741 0.37078565653672535 0.06378966160494748 0.8459012762532654 0.6404299195956152 0.43757522111723623 0.3008391206626553 0.14702600880394023 0.22630153869971292 0.40922736377208413 0.9630762313038032 0.10820788697936023 0.8424490464766335 0.6691604802137643 0.2877177953951636 0.9717701941425546 0.9003762534471285 0.0928504921639024 0.1699689422022812 0.4705500524404762 0.5972289539830998 0.24049202258961166 0.10984143014010594 0.9475594365583266 0.7716775952867506 0.5946106923822709 0.8405958996508163 0.7632859994660104 0.1080264525319008 0.7418161566469986 0.46520547002581625 0.09479829799865591 0.9108922073304841 0.27997165177782257 0.6716263200229661 0.9769493252579885 0.15913617527348167 0.5982567199987558 0.7486111220892799 0.02223810468562626 0.34252051672756423 0.6555628293700495 0.7885854529393209 0.14476606988941498 0.263754294907535 0.4229631962315368 0.7482218601401331 0.972550969013535 0.27827892805347276 0.1836482496807389 0.5086659656304391 0.5682290673054009 0.684814028538335 0.7973971912370935 0.38722439460937386 0.9499950301466005 0.386491528040279 0.9400188156727112 0.41267609179512765 0.11783759151634543 0.3607994326644526 0.49651899864478577 0.652206749897188 0.4820475327300281 0.4359636665816147 0.612463351326168 0.8556897169654941 0.05979641108986966 0.5700118085455659 0.30726701391063793 0.1962784626388162 0.2524922131862122 0.2426884398867426 0.551888306025524 0.9681217435332363 0.32291654428047456 0.8215342708505918 0.5085435582198277 0.028476119266754196 0.5785143116550799 0.024795143102473882 0.824069252855927 0.7924065856723562 0.42120461295720146 