100
100
1	0	0.2961	0	0	0	0	0.517	0	0	0	0	0	0	0	0	0	0	0	0	0.5301	0	0	0	0	0	0	0	0	0	0	0	0	0	0	0	0	0.0095	0	0	0	0	0	0	0	0	0.4197	0.6183	0.997	0.4084	0	0	0	0	0	0	0	0	0	0	0	0	0	0	0.249	0	0	0	0	0	0	0	0	0	0	0	0	0	0	0	0	0	0.6018	0	0	0	0	0	0	0	0	0	0	0	0	0	0	0	0	0
0.9319	1	0	0	0	0	0.2864	0	0	0	0.5429	0	0	0	0	0.8666	0	0.0678	0	0	0	0	0	0.2831	0	0	0	0	0	0	0	0	0	0	0	0	0	0	0	0	0	0	0	0	0	0	0	0	0	0	0	0	0	0	0	0	0	0	0	0	0	0	0.8171	0	0	0	0	0	0	0	0.108	0.879	0	0	0	0.3136	0	0	0	0	0	0	0	0	0	0	0	0	0	0	0	0	0	0	0	0	0	0	0	0
0	0	1	0	0	0	0	0	0	0	0	0	0	0	0	0	0	0	0.2716	0.5336	0	0	0	0	0	0	0	0	0	0.0869	0	0	0.5754	0	0.6305	0	0	0	0	0	0	0	0	0	0	0	0	0	0	0	0	0	0.8904	0	0	0	0	0	0.1207	0	0	0	0	0	0	0.2257	0	0	0	0	0	0	0	0	0.9721	0	0	0	0	0	0	0	0	0	0	0	0	0	0.2851	0	0	0	0	0	0	0	0	0	0	0
0	0	0	1	0	0	0	0.0889	0	0	0	0	0.9076	0	0	0	0	0	0	0	0	0	0	0	0.2496	0	0	0	0	0	0.1377	0	0.461	0	0	0	0	0	0	0	0	0	0	0	0	0	0	0	0	0	0	0	0	0	0	0	0	0	0	0	0	0	0	0	0	0	0	0	0	0	0	0	0	0.7129	0	0	0	0	0	0	0.4373	0	0	0	0	0	0.1898	0	0	0	0	0	0	0	0	0.6522	0.4156	0	0	0
0	0	0	0.9106	1	0	0.7021	0	0	0	0	0	0	0	0	0	0	0	0	0	0	0.7093	0	0	0	0	0	0	0	0	0	0	0.5197	0	0	0	0	0	0.8246	0	0	0	0	0	0	0.1641	0.6299	0	0	0	0	0	0	0	0	0	0	0.1753	0	0	0	0	0	0	0	0	0	0	0	0.6545	0	0	0	0	0	0	0	0	0	0	0	0	0.4724	0	0	0	0	0	0	0	0	0	0	0	0	0	0	0	0	0
0	0	0	0	0	1	0	0	0	0	0	0	0.6058	0	0	0	0	0	0	0	0	0	0	0	0	0	0	0	0	0	0	0	0	0	0	0	0.3358	0	0	0	0	0	0	0	0	0	0	0.6392	0	0	0	0	0	0	0	0	0	0	0	0	0	0.5254	0	0	0	0	0	0.8275	0	0	0	0	0	0	0	0	0	0	0	0	0.4824	0	0	0.5254	0	0	0	0	0	0	0.1766	0	0	0.251	0	0	0	0.1056	0	0
0	0	0	0	0.4717	0	1	0	0	0	0	0	0	0	0	0	0	0.8416	0	0	0	0	0	0.7319	0	0	0	0	0	0	0	0	0	0	0	0	0	0	0	0	0	0	0	0	0	0	0.5327	0	0	0	0	0	0	0	0	0	0	0	0	0	0	0	0	0	0	0	0	0	0	0	0	0	0.7787	0.5908	0	0	0	0	0	0	0	0	0	0	0	0	0	0	0	0.5463	0	0	0	0.5102	0	0	0.4272	0.2326	0	0
0	0	0	0	0	0	0	1	0	0.2708	0	0	0	0	0.524	0	0	0	0	0.7216	0	0	0	0	0	0	0.2896	0.5069	0	0	0	0	0	0	0	0	0	0	0	0	0	0	0	0	0	0	0	0	0	0	0	0	0	0	0	0	0	0	0.8892	0	0	0	0	0	0	0	0	0	0	0	0	0.6513	0	0	0	0	0.0855	0	0	0	0	0	0	0	0	0	0.0868	0	0.8619	0	0	0	0	0	0	0	0	0	0	0
0	0	0	0	0	0	0	0	1	0	0.0539	0	0	0	0	0	0	0	0	0	0	0	0	0	0	0	0.0631	0	0	0	0	0.2804	0	0	0	0	0	0	0	0	0	0	0	0.4471	0	0	0	0	0	0	0	0	0	0	0	0	0	0.6843	0	0	0	0	0	0	0.8369	0	0	0	0	0	0	0	0	0	0	0.374	0	0	0	0.4217	0	0.5826	0	0	0.4589	0	0	0	0	0	0	0	0	0	0	0	0	0	0	0
0	0	0	0	0	0	0.6852	0.3023	0	1	0.8688	0	0.3801	0	0	0	0	0	0	0	0	0	0	0	0	0	0	0	0	0	0	0	0	0	0	0	0	0	0	0	0.9701	0	0	0	0	0.6307	0	0	0	0	0	0	0	0	0	0	0.891	0	0	0	0	0	0	0	0	0	0	0	0	0	0	0	0	0	0	0	0.4693	0	0	0.5854	0	0	0	0	0	0	0	0	0	0	0	0	0	0	0	0	0	0.6814	0	0
0	0	0	0	0	0	0	0.5714	0	0	1	0.0895	0	0	0	0	0	0	0.4161	0	0	0	0	0	0	0	0.3315	0	0	0	0	0	0	0	0	0	0	0	0	0	0	0	0	0	0	0	0	0.9769	0	0	0	0	0.2551	0	0	0	0	0	0	0	0	0.8434	0.8471	0	0	0	0	0	0	0	0	0	0	0	0	0	0	0	0	0	0	0.6374	0	0	0	0	0	0	0	0	0	0	0	0.7924	0	0	0	0	0	0
0	0.2953	0	0.557	0	0	0.2182	0	0	0	0	1	0	0	0	0	0	0	0	0	0	0	0	0	0	0	0	0	0	0	0	0	0	0	0	0	0	0	0	0	0	0	0	0	0.6219	0	0	0	0	0	0	0	0	0	0.9435	0	0	0	0	0	0	0.4499	0	0	0	0	0	0	0	0	0	0	0	0.4377	0.4516	0.2254	0	0	0	0	0	0	0	0	0	0	0	0	0	0	0	0	0	0	0	0	0	0	0	0.4675
0	0.8212	0	0	0	0.2534	0	0	0	0	0	0	1	0	0	0	0	0	0	0	0	0	0	0	0	0	0	0	0	0	0	0	0	0.4782	0	0	0	0	0	0	0.9781	0	0	0.493	0	0	0	0	0	0	0	0	0	0	0	0	0	0	0	0.8587	0	0	0	0	0	0	0	0	0.3146	0	0	0	0	0	0	0	0	0	0	0	0.9571	0	0	0	0	0	0	0.565	0	0	0	0	0	0	0	0.3036	0	0	0	0
0	0	0	0	0	0	0	0	0	0	0	0	0	1	0	0	0	0	0	0	0	0	0.7528	0	0	0	0	0	0	0	0	0	0	0	0	0	0	0	0	0.4131	0	0	0	0	0	0	0	0	0	0	0.3441	0	0	0	0	0	0	0.2725	0	0	0	0	0	0	0	0	0	0	0	0	0	0	0	0	0	0.8414	0	0	0	0	0	0.2142	0	0.6737	0	0	0	0	0	0	0	0	0.1067	0	0	0	0	0.3165	0.831	0
0	0	0	0	0	0	0	0	0	0	0	0	0	0	1	0	0	0	0	0	0	0	0	0	0	0	0	0	0	0	0	0	0	0	0.504	0	0	0	0	0	0	0	0	0	0	0	0.9123	0	0	0	0	0	0	0	0	0	0	0.0985	0	0	0.7924	0	0.0403	0	0	0	0	0	0	0	0	0	0.2979	0	0	0	0	0	0.6654	0	0	0	0	0	0	0	0	0	0	0	0	0.9677	0	0	0.3874	0	0	0	0.4669	0
0	0	0.141	0	0	0	0	0	0	0.8281	0	0	0	0	0	1	0	0	0	0	0	0	0	0	0	0	0	0	0	0	0	0	0	0	0	0	0	0	0	0.0199	0	0.9094	0	0	0	0	0	0.3097	0	0	0	0	0.5246	0	0.5486	0	0	0	0	0.6734	0	0	0	0	0	0	0	0	0.7567	0	0	0	0	0	0	0	0	0	0	0	0	0	0	0	0	0	0	0.101	0	0	0	0	0	0	0	0	0	0	0	0
0	0.4614	0	0	0	0	0	0.5479	0	0	0	0	0	0	0	0	1	0	0	0	0	0	0	0	0	0	0.4673	0	0	0	0	0	0	0	0	0	0	0	0	0	0	0	0	0	0	0	0	0	0	0.8527	0	0	0	0	0	0	0	0	0	0	0	0	0.3941	0	0	0	0	0	0	0	0.3634	0	0	0	0	0	0	0	0	0.2727	0.3737	0.9259	0	0	0	0	0	0	0	0	0	0	0	0	0.8055	0	0	0	0	0
0	0	0	0	0	0	0	0.0689	0.8002	0	0	0	0	0	0.2941	0	0	1	0	0	0	0	0	0	0	0.2427	0	0	0	0	0	0	0	0	0	0	0.0741	0	0	0	0	0	0	0	0	0	0	0	0	0	0	0	0	0	0	0	0	0	0	0	0	0	0	0	0	0	0	0	0	0	0.531	0	0	0	0	0	0	0.1249	0	0	0.7403	0	0	0	0	0.4997	0	0	0	0	0	0	0	0	0	0	0.2982	0	0	0
0.598	0	0	0.5786	0	0	0	0	0	0	0	0.8501	0	0	0	0	0	0	1	0.0343	0	0	0.7933	0	0	0	0	0	0	0	0	0	0	0	0	0	0	0	0	0	0	0	0	0	0	0	0	0	0	0	0	0	0	0	0	0	0	0	0	0	0	0.6057	0	0	0	0	0	0	0	0	0	0	0	0	0	0	0	0.1146	0	0	0.7561	0	0	0	0	0.0081	0.4541	0	0	0	0	0	0	0	0	0	0	0	0	0
0	0	0	0	0	0	0	0	0	0	0	0.0143	0	0.7718	0.0262	0	0	0	0.1344	1	0	0	0	0	0	0.207	0	0	0	0	0	0.2312	0	0.9208	0	0	0	0	0	0	0	0	0	0	0	0	0	0	0	0	0	0	0	0	0	0	0	0	0	0.5187	0	0	0	0	0	0	0	0	0	0	0	0	0	0	0	0	0	0	0	0	0	0	0	0	0	0	0	0.0285	0	0	0	0	0	0	0	0.5529	0	0	0	0
0	0	0	0	0.5409	0	0.3048	0	0	0	0.5087	0	0.0955	0	0	0	0	0.7474	0	0	1	0	0	0	0.6349	0	0	0	0	0	0	0	0	0	0	0	0	0	0	0	0	0	0	0	0	0	0	0	0	0	0	0.5405	0	0.8529	0	0.9118	0	0	0	0	0	0	0	0	0	0	0	0	0	0	0	0	0	0	0	0	0	0	0	0	0	0	0	0	0	0	0	0	0	0	0	0	0	0	0.7256	0	0	0	0	0
0	0	0	0.7076	0	0	0.7309	0	0.226	0	0	0	0	0	0	0	0	0	0	0	0	1	0.4465	0	0	0	0	0	0	0.2131	0	0.3445	0	0.7283	0	0	0	0	0	0	0	0	0	0	0	0	0	0	0	0	0	0	0	0	0	0	0	0	0	0	0	0	0	0	0	0.8591	0	0	0	0	0	0	0	0	0	0	0	0	0.748	0	0	0	0	0	0	0	0	0	0	0	0	0	0	0	0	0.5991	0	0	0	0
0	0.3147	0	0	0	0	0	0	0	0	0	0	0.8718	0	0	0	0	0	0	0	0	0	1	0.3013	0	0	0	0	0	0	0	0.7154	0	0	0	0	0	0	0.4704	0	0	0	0	0	0	0	0	0	0	0	0	0	0	0	0	0	0	0	0	0	0	0	0	0	0.9887	0	0.3264	0	0	0	0	0	0	0	0	0	0	0	0	0	0	0	0.6555	0	0	0	0	0	0.7873	0	0	0.7162	0	0	0	0	0	0	0	0
0	0.4932	0	0	0	0	0	0	0	0	0	0	0	0	0	0	0	0.2536	0	0	0	0	0	1	0	0	0	0	0	0	0	0	0	0	0	0	0.1183	0	0	0	0	0	0	0	0	0	0	0	0	0	0	0	0	0	0.4554	0	0	0	0	0.025	0	0	0	0	0	0	0.7728	0.9532	0	0	0	0	0	0	0.6652	0	0	0	0	0	0	0.5293	0.4717	0	0	0	0	0	0	0	0	0	0	0	0	0	0	0	0	0
0	0	0	0	0	0	0	0	0	0	0	0	0	0	0	0.4439	0	0	0.3612	0	0	0	0	0	1	0	0	0.6359	0	0	0	0	0	0	0	0	0	0	0	0.9476	0	0	0.8564	0	0.2856	0	0	0	0	0	0	0	0	0.5264	0	0	0	0	0	0	0	0	0	0.8382	0	0	0	0	0	0	0	0	0	0	0	0	0	0	0	0	0	0	0	0	0	0.963	0	0	0	0	0	0	0	0	0	0	0	0.4034	0	0
0	0	0	0	0	0	0	0	0	0.2818	0	0	0	0	0	0	0	0	0	0	0	0	0	0	0	1	0	0	0	0	0	0	0	0	0	0	0	0	0	0	0	0	0	0.452	0	0	0	0	0.4631	0	0	0	0	0.6014	0	0	0	0	0	0	0	0.8912	0	0	0	0	0	0	0.096	0	0	0	0	0	0	0.3097	0	0	0	0	0	0	0	0	0.5869	0	0	0	0	0	0	0	0	0	0.2844	0	0	0	0.6278	0
0	0	0	0.3368	0	0	0	0	0	0	0	0	0	0	0	0	0	0	0	0	0	0	0	0	0	0	1	0.1857	0.9981	0	0	0.2704	0	0	0	0	0.5483	0	0	0	0	0	0	0	0	0	0.9805	0	0	0	0	0	0	0.7494	0	0	0	0	0	0	0	0	0	0	0	0	0	0.2222	0	0	0	0	0	0	0	0	0	0	0	0	0.6815	0.3659	0	0	0	0	0	0	0	0	0	0	0	0	0	0	0	0	0	0
0	0	0	0	0	0	0	0	0	0	0	0	0	0	0	0	0	0	0.0678	0	0	0	0	0	0	0	0	1	0	0	0.446	0	0	0.3088	0	0	0	0.6306	0	0	0	0	0	0	0	0	0	0	0	0	0	0	0	0	0	0	0	0	0	0	0	0	0	0	0.8309	0	0	0	0	0	0	0	0	0	0.1616	0	0	0	0	0	0	0	0	0	0	0.8866	0.6973	0	0	0	0	0	0	0.0894	0	0	0	0	0	0.2328
0	0	0	0	0	0	0	0	0	0.3182	0	0	0	0	0	0	0	0.3333	0	0	0	0.4637	0	0	0	0	0.6796	0	1	0.3428	0	0	0	0	0	0	0	0	0.4847	0.9066	0	0	0	0	0	0	0	0	0	0	0	0	0	0	0	0	0	0	0	0	0	0	0	0	0	0	0	0	0	0	0.4825	0	0	0	0	0	0	0	0	0	0	0	0	0	0	0	0	0	0	0	0	0	0	0.6078	0	0	0	0	0.3131	0
0	0	0.0945	0	0	0	0	0	0	0	0	0	0	0	0	0	0	0	0	0	0	0.2707	0	0	0	0	0	0	0	1	0	0	0	0	0.2108	0	0	0	0	0	0	0	0.2441	0	0.3886	0	0	0	0	0	0	0	0	0	0	0	0	0	0	0	0	0	0	0	0	0	0	0	0	0	0	0	0	0	0.2018	0	0	0	0	0	0	0	0	0	0	0	0	0.0086	0.0014	0	0	0	0	0.6019	0.9867	0	0	0	0	0
0	0	0	0	0	0.7169	0	0	0	0	0	0	0	0	0	0	0	0	0	0	0	0	0	0	0	0	0	0	0.9782	0	1	0	0	0	0	0	0	0	0	0	0	0	0	0	0	0	0	0	0	0	0	0	0	0	0	0	0.6896	0	0.2573	0	0	0.5882	0	0	0	0	0	0	0	0	0	0	0.9039	0	0	0	0.9382	0	0	0	0	0.8944	0	0	0	0	0	0	0	0	0	0	0	0	0	0	0	0	0.4813	0.8322
0	0	0	0	0.1769	0	0	0	0.7758	0	0	0.514	0	0	0	0	0	0	0	0	0	0	0	0.6878	0.6184	0	0	0.7727	0	0	0	1	0	0	0	0.9039	0	0	0	0	0	0	0	0	0	0.8293	0	0	0	0	0	0	0	0	0.346	0	0	0	0	0	0	0.3349	0	0	0	0	0	0	0	0	0	0	0	0	0	0	0	0	0	0	0	0	0	0	0	0	0	0	0	0	0	0	0	0	0	0	0	0	0	0
0	0	0	0	0	0	0	0	0	0	0	0	0	0	0	0	0	0	0	0	0	0	0	0.5123	0	0	0	0	0	0.4567	0	0	1	0	0	0.3802	0	0	0	0	0	0	0	0	0	0	0	0.1422	0	0	0	0	0	0	0	0	0	0	0	0	0	0	0	0	0.7448	0.7191	0	0	0	0	0	0	0	0	0	0.4195	0.18	0	0	0	0	0	0	0	0	0	0	0	0	0	0	0.3821	0.3198	0	0	0	0	0	0	0
0	0	0	0.2349	0	0	0	0	0.0186	0	0	0	0	0	0	0	0	0	0	0	0.006	0	0	0	0	0	0.5661	0	0	0	0	0	0	1	0.5781	0	0	0	0	0	0.6109	0	0	0	0	0	0	0	0	0	0	0.3924	0	0	0	0	0	0	0	0	0	0	0.4808	0	0	0	0	0	0	0	0	0	0	0	0	0	0	0	0	0	0	0	0	0	0	0	0	0	0.1632	0	0	0	0	0	0	0.3557	0	0	0	0
0.0864	0	0	0.7353	0	0	0	0	0	0	0	0.865	0	0.3804	0	0	0	0	0	0	0	0	0	0	0	0	0	0	0	0	0	0	0	0	1	0	0	0	0	0	0	0	0	0	0	0	0	0	0	0	0	0	0	0	0	0	0	0	0	0	0	0	0	0	0	0	0	0.5811	0.0877	0	0	0	0	0	0	0	0.9893	0	0	0	0.0043	0.946	0	0	0	0	0	0	0	0	0	0	0.9428	0	0	0	0	0	0	0
0	0	0	0	0	0	0	0.7454	0	0.697	0	0	0	0.6041	0	0	0	0	0	0	0	0	0	0	0	0	0	0	0	0	0	0	0	0	0.8068	1	0	0	0.8107	0	0	0	0	0	0	0	0	0	0	0	0	0	0	0	0	0	0	0	0	0	0	0	0	0	0	0	0	0	0	0	0	0	0	0	0	0	0	0	0.4867	0	0	0	0	0	0	0	0	0	0.3827	0	0	0	0.7253	0	0	0.54	0	0	0	0
0	0.5553	0	0	0	0	0	0	0	0	0	0	0	0	0	0	0	0	0	0	0	0	0	0	0	0	0.9238	0.6222	0	0	0	0	0	0	0	0	1	0	0	0	0	0.0712	0	0	0	0	0	0	0	0	0	0	0	0	0.55	0	0	0	0	0	0.4579	0	0	0	0.7855	0	0	0	0	0	0	0.5817	0.168	0	0	0.0418	0	0	0	0	0	0	0	0	0	0	0	0	0	0	0	0	0	0	0	0	0	0	0	0
0	0	0	0	0	0	0	0	0.9175	0	0	0	0	0	0	0	0	0	0	0	0.7366	0	0	0	0	0.6118	0	0	0	0	0	0	0	0.4505	0.0254	0	0	1	0.4245	0	0	0	0	0	0	0.175	0	0	0	0	0	0	0	0	0	0	0	0	0	0	0	0	0	0	0	0	0	0	0	0	0	0	0	0	0	0	0	0	0	0	0	0	0	0.3816	0	0	0.9149	0	0	0	0	0	0	0	0	0	0.5223	0	0	0
0	0	0	0	0	0	0	0	0	0	0	0	0	0	0	0	0	0	0	0	0	0	0.8269	0	0	0	0	0	0	0	0	0	0	0	0.0095	0.4437	0	0	1	0	0	0	0	0	0	0	0	0	0.7048	0	0	0	0	0	0.7456	0	0.2133	0	0	0	0	0	0	0	0	0	0	0	0	0	0	0.633	0	0	0	0	0	0	0	0	0.2292	0	0	0	0	0	0	0	0.1842	0	0	0.5862	0	0	0	0	0	0	0	0
0	0.4562	0	0	0	0	0	0	0	0	0.9814	0	0	0	0.1489	0	0	0	0	0	0	0	0.2689	0	0	0	0	0	0	0	0.2831	0	0	0	0	0	0	0	0	1	0	0	0	0	0	0	0	0	0.9088	0	0	0	0	0	0	0.6647	0	0	0	0	0	0	0.0607	0	0	0.877	0	0	0	0	0	0	0	0	0	0	0	0	0	0	0	0	0	0	0	0	0	0	0	0.6722	0	0	0	0	0	0	0	0	0	0
0	0	0	0	0	0	0.4169	0	0	0	0	0	0	0.3064	0	0	0	0	0	0	0	0	0	0	0	0	0	0	0	0	0	0.4615	0	0	0.1342	0	0	0	0	0	1	0	0	0	0	0	0	0	0	0	0	0	0	0.2877	0	0.2066	0	0	0	0	0	0	0	0	0	0	0	0	0	0	0	0	0	0	0	0	0	0.8241	0	0	0	0	0.4075	0	0	0.438	0	0	0	0	0	0	0	0	0	0	0	0.3309	0	0
0	0	0.4112	0.9014	0	0	0	0	0	0.3452	0	0	0	0	0	0	0	0	0	0	0	0	0	0	0	0	0	0	0	0	0	0	0	0	0	0	0	0	0	0	0	1	0	0	0	0.2568	0	0	0	0	0	0	0	0.2503	0	0	0	0	0	0	0	0.2274	0.5981	0	0	0	0	0	0.5842	0	0	0	0.0428	0	0	0	0	0	0	0	0	0	0	0	0	0	0	0.6647	0	0	0	0	0	0	0	0	0	0	0	0
0	0	0	0	0	0	0	0	0	0	0	0	0	0	0	0	0	0	0	0	0	0.0554	0	0.0347	0	0	0	0	0.4246	0	0	0	0	0	0	0	0	0.1753	0	0.9279	0	0.1662	1	0	0	0	0	0	0	0	0	0	0	0	0	0	0	0	0	0	0	0	0	0	0	0	0.9839	0	0	0	0	0	0	0	0.6336	0	0	0	0.1989	0	0.1654	0	0	0	0	0	0	0	0	0	0	0	0	0	0	0	0	0	0	0
0	0	0	0	0	0	0.5709	0	0	0	0	0	0	0	0	0	0.244	0	0	0	0	0	0	0	0	0	0	0	0	0	0	0	0	0	0	0	0	0	0.5994	0	0	0	0	1	0	0	0	0	0	0	0	0	0	0	0.8068	0	0	0	0	0	0.0043	0	0	0	0	0	0	0	0	0	0	0.9041	0	0.6288	0	0	0	0	0.2199	0	0	0	0	0	0	0	0	0	0	0	0	0	0	0.7426	0	0.8965	0	0	0	0
0	0	0	0	0	0	0	0	0	0	0	0	0	0.8751	0	0	0	0	0	0	0	0	0	0	0	0	0	0	0	0	0	0.7855	0	0	0	0	0	0	0	0	0	0	0.6959	0	1	0	0.1599	0.1127	0	0	0	0	0	0	0	0	0	0	0	0	0.5169	0	0	0	0	0	0	0	0.5568	0	0	0	0	0	0	0	0.2172	0	0	0	0	0	0	0	0	0	0.1404	0	0	0	0	0	0.0073	0	0	0	0	0	0	0
0	0	0	0	0	0	0	0	0	0	0	0	0	0	0.3368	0	0	0	0	0	0	0	0.3153	0	0.1054	0	0	0	0	0	0	0.3019	0	0	0.1304	0	0	0	0	0.9962	0	0.414	0	0	0	1	0	0.6325	0	0	0	0	0	0	0	0	0	0	0	0	0	0	0	0	0	0.0972	0	0	0	0	0	0	0	0	0	0	0	0	0	0	0.1871	0	0	0	0	0	0	0	0	0	0	0	0	0	0	0	0	0	0	0
0	0	0	0	0	0	0	0	0	0	0	0.865	0	0	0	0	0	0	0	0	0	0	0.0339	0	0	0	0	0	0	0	0	0.422	0	0	0	0	0	0.8006	0.2824	0	0	0	0	0	0	0	1	0	0	0	0	0.3846	0	0	0	0	0	0	0	0	0	0	0	0.7228	0	0	0	0	0	0	0.5645	0	0	0	0	0	0	0	0	0	0	0	0	0	0	0	0	0.3477	0	0	0	0	0	0	0	0	0.7681	0	0	0
0	0	0	0	0	0	0	0	0	0.9527	0	0	0	0	0	0	0	0	0	0	0	0	0	0	0	0	0	0	0	0	0	0	0	0	0	0.6937	0	0	0.8666	0	0	0	0	0	0	0	0.5347	1	0	0	0	0	0	0	0	0	0.9511	0	0	0	0	0	0	0	0	0	0	0	0	0	0	0	0	0.5182	0.8303	0	0	0	0	0	0	0	0.2893	0.9333	0	0	0	0	0	0	0	0	0.4767	0	0	0	0	0	0	0
0	0	0.9108	0	0.0269	0	0	0	0	0.1728	0	0	0	0	0	0	0	0	0	0	0	0	0	0	0	0	0	0	0	0.0574	0	0	0.4201	0	0	0	0	0	0	0.7107	0	0.8448	0	0	0	0.7831	0	0	1	0	0	0	0	0	0	0	0	0	0	0	0	0	0	0	0	0	0	0	0	0.0834	0	0	0	0	0	0	0	0	0	0	0	0	0.155	0	0	0	0	0	0	0	0	0	0	0	0	0	0	0	0	0
0	0	0	0	0	0	0	0	0	0	0	0	0	0	0	0	0.1456	0	0	0	0	0	0	0.2978	0	0	0	0	0	0	0	0	0	0	0	0.8205	0.1296	0	0	0	0	0	0	0	0	0	0	0	0	1	0	0	0.1499	0	0	0	0	0	0	0	0	0	0	0	0	0.3538	0	0.1384	0	0	0	0	0	0	0	0	0	0	0.4588	0	0	0	0	0	0	0	0	0	0	0	0.2987	0.3701	0	0	0	0	0	0	0	0
0.158	0	0	0	0	0.3165	0	0	0	0	0	0.9108	0	0	0	0.2846	0	0	0	0	0	0	0.6041	0	0.6767	0	0	0	0	0	0	0	0	0	0	0	0	0	0	0.2286	0	0.8871	0	0	0.2104	0	0	0	0	0	1	0	0	0	0	0	0	0	0	0	0	0	0	0	0	0	0	0	0	0	0	0	0	0	0	0	0	0	0.3734	0	0	0	0	0	0	0	0	0	0	0	0	0	0	0	0	0	0	0	0	0
0	0	0	0	0	0	0	0	0.8815	0	0	0	0	0	0	0	0.952	0	0	0	0	0	0.1999	0	0	0	0	0	0	0	0	0	0	0	0	0	0	0	0	0	0	0	0	0	0	0	0	0	0	0	0	1	0.6171	0	0	0	0	0	0	0	0	0	0	0	0	0	0.6577	0	0	0	0	0	0	0.3083	0	0	0.2028	0	0.4123	0.9628	0	0.5006	0	0	0	0	0	0	0	0	0	0	0	0	0	0	0	0	0	0
0	0.3597	0	0	0	0	0	0	0	0	0.4992	0	0	0.7526	0	0	0	0	0	0	0	0	0	0	0.9942	0	0	0	0	0	0	0	0	0	0	0	0	0.4038	0	0	0	0	0	0	0	0	0.3451	0	0	0	0	0.909	1	0	0	0	0	0.2421	0	0	0	0	0	0	0	0	0	0	0	0	0	0	0.2479	0	0	0	0	0	0	0	0	0	0	0	0	0	0	0	0	0	0.3064	0	0	0	0	0	0	0	0	0
0	0	0	0.5045	0	0	0	0	0.4523	0	0	0	0	0	0.6985	0.5352	0	0	0	0	0	0	0	0	0	0	0	0	0	0	0	0	0	0	0	0	0.4115	0	0	0	0	0	0	0	0	0	0	0.2754	0	0	0	0	0.0716	1	0	0	0	0	0	0.702	0	0	0	0	0	0	0	0	0	0	0	0	0.9594	0	0	0	0	0	0	0	0	0	0	0	0.4649	0	0	0	0	0	0	0	0	0	0	0	0	0	0	0
0	0	0	0	0	0	0	0	0.7978	0	0	0.023	0	0	0	0	0	0	0	0	0	0	0	0	0	0	0	0.9083	0	0	0	0	0	0	0	0	0	0.9521	0.6999	0	0	0	0	0	0	0	0	0	0.0549	0	0	0	0	0	1	0	0	0	0	0	0	0.6073	0	0	0	0	0	0.8653	0	0	0	0	0	0	0	0	0	0	0	0	0	0	0	0	0	0	0.727	0	0	0	0	0	0	0	0.2541	0	0	0	0	0
0	0	0	0	0	0	0	0	0	0	0	0	0	0	0	0	0	0	0	0	0	0	0	0	0	0	0	0.7706	0	0	0	0	0.5707	0	0	0.3052	0	0	0	0	0	0	0	0	0	0	0	0	0	0	0	0	0	0	0	1	0	0.6421	0	0	0	0	0	0	0	0	0	0	0.105	0	0	0	0	0.492	0.1563	0	0	0	0	0	0	0	0	0.2479	0	0	0	0	0	0	0	0	0.9819	0	0	0	0	0.9879	0	0
0	0	0	0.9182	0	0	0	0	0	0	0	0	0	0	0	0	0	0	0	0	0	0	0.1267	0	0	0	0	0	0	0	0	0.3123	0	0	0	0.809	0	0	0	0	0	0	0	0	0	0	0	0	0	0.126	0	0	0	0	0	0	1	0	0	0	0	0.8999	0	0	0	0	0	0	0	0	0	0	0	0	0	0	0	0	0	0	0	0	0	0	0	0	0	0.3594	0	0	0.475	0	0	0	0	0.2526	0	0	0	0.6567
0.6861	0	0	0	0.4095	0	0	0	0	0	0	0	0	0	0.9669	0	0	0	0	0	0	0.1642	0	0	0	0.8283	0	0	0	0	0.0593	0	0	0	0	0	0.2794	0	0	0	0	0	0	0.7529	0	0	0	0	0	0.0069	0	0	0	0	0	0	0	1	0	0	0	0	0	0	0	0	0	0	0	0	0	0	0	0	0	0	0	0	0	0	0	0	0	0	0	0	0	0	0.3308	0	0	0	0	0	0	0	0	0	0	0
0	0	0	0.8287	0	0	0	0	0	0	0	0	0	0	0	0	0	0	0	0	0	0	0	0.5149	0	0	0	0	0	0	0	0	0	0.5563	0	0	0	0	0	0	0	0	0	0	0	0.9014	0	0.4309	0	0	0	0	0	0	0	0	0	0	1	0	0	0	0	0	0	0	0	0.3225	0	0	0	0	0	0.8274	0.5818	0	0	0	0	0	0	0	0	0	0	0	0	0	0.7364	0	0	0	0	0	0	0.018	0	0	0	0
0	0	0	0	0	0	0	0	0	0	0	0.24	0	0	0.989	0	0	0	0	0	0.9252	0	0	0	0	0	0	0	0.1793	0	0	0	0	0	0	0	0.311	0	0	0.0474	0	0	0	0	0	0	0	0.0804	0	0	0	0	0	0	0	0	0	0	0	1	0	0.0136	0	0	0	0	0	0	0	0	0	0	0	0	0	0	0	0	0	0.8281	0	0.9349	0	0	0	0	0	0	0	0	0	0	0	0	0	0	0	0	0	0
0	0	0	0	0	0	0.0949	0	0	0	0	0.8672	0	0	0	0	0	0	0	0	0	0	0	0	0	0	0	0	0	0	0	0	0.8893	0	0.2307	0	0	0.4984	0	0	0	0	0.4709	0	0	0	0	0	0	0	0	0	0	0	0.7753	0	0	0	0	0	1	0	0	0	0	0	0.5616	0	0	0	0	0	0	0	0	0	0	0	0.7422	0	0	0	0	0	0	0	0	0	0	0	0.7298	0	0	0	0	0	0	0	0	0
0	0	0	0	0	0	0	0.5124	0.0146	0	0	0	0	0	0	0	0.3678	0	0	0	0	0	0	0.1996	0	0	0	0	0	0	0	0	0	0	0	0	0	0	0	0	0	0	0	0	0	0	0	0	0	0	0	0	0	0.469	0	0	0	0	0	0	0	1	0.9907	0	0	0.0577	0	0	0	0	0	0	0	0.3809	0	0.4079	0	0	0	0	0	0.7971	0	0	0	0	0	0	0	0	0	0	0	0	0	0	0	0	0	0
0	0.746	0	0	0.9265	0	0	0	0	0	0	0.599	0	0	0	0	0	0	0.9595	0	0	0	0	0.2474	0	0	0	0	0.513	0	0	0	0	0	0	0	0.8092	0	0	0	0	0	0	0	0	0	0	0	0	0	0	0	0	0	0	0	0	0	0	0	0	0	1	0	0	0	0	0	0.5802	0	0	0	0	0	0	0	0	0	0	0	0	0	0	0	0.1847	0	0	0	0	0.1063	0	0	0	0	0	0	0	0	0	0
0.2168	0	0	0	0	0	0	0.3011	0	0	0	0	0	0	0	0	0	0	0	0	0	0	0	0	0	0.6104	0	0	0	0	0	0	0	0	0.375	0	0.5352	0	0	0	0	0	0	0	0	0	0	0.7325	0	0	0	0	0	0	0	0	0	0	0	0	0	0	0	1	0	0	0	0.4632	0	0	0	0	0	0	0	0.525	0.4206	0	0	0	0	0	0	0	0	0	0	0.2698	0	0	0	0	0	0	0	0	0	0	0	0
0	0	0	0	0	0	0	0	0	0	0	0	0	0	0	0	0	0	0	0	0	0	0	0	0	0	0	0	0	0	0	0	0	0.9405	0	0.2086	0	0	0	0	0	0	0	0	0	0	0	0.8963	0.8129	0	0	0	0	0	0	0	0	0	0	0	0	0	0	0	1	0	0	0	0	0	0	0	0	0	0	0	0	0	0	0	0.3205	0.8423	0	0	0	0	0	0	0	0	0	0	0.0853	0	0	0	0.9849	0	0.31	0.7306
0	0	0	0	0	0	0	0	0	0	0	0	0	0	0	0	0	0	0	0	0	0	0	0	0	0	0	0	0	0.0041	0	0	0	0	0	0.5004	0.9739	0	0	0	0	0	0	0	0.8118	0	0	0	0	0	0	0.9588	0	0.2684	0	0	0	0	0	0	0	0	0	0	0	1	0	0	0	0	0	0	0	0	0	0	0	0	0	0	0	0.9663	0	0	0	0	0	0	0	0	0	0	0.1479	0	0	0.1262	0	0.5475	0	0
0	0	0	0	0	0	0	0	0	0	0	0	0	0	0.7168	0	0	0	0.728	0	0	0	0	0	0	0	0	0	0	0	0	0.8796	0	0	0	0.1784	0	0	0	0	0	0	0	0	0	0	0	0	0	0	0.6365	0	0	0	0	0	0.8902	0	0	0.4981	0	0	0	0	0	0.0449	1	0	0	0	0	0	0	0	0	0	0	0	0	0	0	0	0	0	0.6668	0.0588	0	0	0	0	0	0	0	0	0	0	0	0	0	0
0	0	0	0	0	0.0782	0	0	0.1399	0	0	0	0	0.0139	0	0	0	0	0	0	0	0	0	0	0	0	0	0.5891	0	0	0.3042	0	0	0.1062	0	0	0	0	0	0	0	0	0	0	0	0	0	0	0	0.5173	0	0	0	0	0	0	0	0.9144	0	0	0	0	0	0	0	0	0	1	0	0	0.7346	0	0	0	0	0	0	0	0	0	0	0	0	0	0	0.4296	0	0	0	0	0	0	0	0	0	0	0	0	0	0
0.9857	0	0	0	0	0	0	0	0	0	0.6738	0	0.8481	0	0	0	0	0	0	0	0.4311	0	0	0	0	0	0	0	0	0	0	0	0	0	0	0	0	0	0	0	0	0	0	0.2092	0	0	0	0.9517	0	0	0	0	0	0	0.4879	0	0	0	0	0	0	0	0	0	0	0.0402	0	0	1	0	0	0	0	0	0	0	0	0	0	0	0	0	0	0	0	0	0	0	0.594	0	0	0	0	0	0	0	0.8883	0	0	0
0	0	0	0	0	0	0	0	0	0	0.0303	0	0.0998	0	0	0	0	0	0	0	0	0	0	0	0	0	0	0	0.8094	0	0	0	0	0.2266	0	0	0.2156	0	0	0	0	0	0.5717	0.5023	0	0	0	0.9264	0.7194	0	0	0	0	0	0	0	0	0	0	0	0	0	0	0	0	0	0	0	0	1	0	0	0	0	0	0	0	0	0	0	0	0	0	0	0	0.6659	0	0	0	0	0	0	0	0	0	0	0	0	0	0
0	0.1286	0	0	0	0	0	0	0	0	0	0	0	0	0	0	0	0	0	0	0	0	0	0	0	0	0	0	0	0	0	0	0.1134	0	0	0.3923	0	0	0	0	0	0	0	0	0	0	0	0	0.8311	0	0	0	0	0	0	0	0	0	0	0.0763	0.2199	0	0	0	0	0	0	0.3169	0	0	1	0	0	0	0	0	0.1937	0	0	0	0	0	0.6105	0	0	0	0	0	0	0	0.3906	0	0	0	0	0	0	0	0	0
0	0	0	0	0	0	0.1882	0	0	0	0	0	0	0	0	0	0	0	0	0	0	0	0	0	0	0	0	0	0	0	0	0	0	0	0.199	0	0.3739	0.6903	0	0	0	0	0	0	0	0.1925	0	0	0.8551	0	0	0	0	0	0	0	0	0	0	0	0.6205	0	0	0	0	0.3201	0	0	0	0.2692	0	1	0	0.5428	0	0	0	0	0	0	0	0	0	0	0	0	0	0	0	0	0	0	0	0	0	0	0	0	0	0
0.6244	0	0	0	0	0	0	0	0	0	0	0	0	0	0	0	0	0	0	0	0	0	0.9163	0	0	0	0	0	0	0.318	0	0	0.046	0	0	0	0	0	0	0	0	0	0	0.424	0.2982	0	0	0	0	0	0	0	0	0	0	0	0	0.3813	0	0	0	0	0	0	0	0	0	0	0	0	0	0.207	1	0	0	0	0	0	0	0	0	0	0	0	0	0.4198	0.3182	0	0	0	0	0	0	0	0	0	0	0	0	0
0	0	0	0	0	0	0	0	0	0.2718	0	0	0	0	0.174	0.734	0	0	0	0	0.69	0.3263	0	0	0	0	0	0	0	0.1524	0	0	0	0	0	0	0	0	0	0	0	0	0	0	0	0	0	0	0	0.0978	0	0	0.5336	0	0	0	0	0	0	0	0	0	0	0	0	0	0	0	0	0	0	0	0	1	0	0	0	0	0	0	0	0	0	0.0244	0	0	0	0	0	0	0	0	0.9619	0	0	0	0	0	0	0
0	0	0	0	0	0	0	0	0	0.7289	0	0.5681	0	0	0	0	0	0	0	0	0	0	0	0.1138	0	0	0	0	0	0	0.8455	0	0	0	0.1249	0	0	0	0	0	0.7934	0	0	0	0	0	0	0	0	0	0	0	0	0	0	0	0	0	0	0	0	0	0	0	0.2978	0	0	0	0.7353	0	0	0	0	0	1	0	0	0	0	0	0	0	0.1413	0	0	0	0	0	0	0	0	0	0	0	0	0	0	0	0.3397	0
0	0.02	0	0	0	0	0	0	0	0	0	0	0	0	0.2262	0.1195	0	0	0	0	0.4324	0	0	0	0	0	0	0	0	0	0	0	0	0	0	0	0	0	0	0	0	0	0	0	0	0	0	0	0	0	0	0	0	0.6728	0	0.7178	0	0	0	0	0	0	0	0	0	0	0	0.1188	0	0	0	0	0	0	0	1	0	0	0	0	0	0.3062	0	0	0	0.4981	0	0	0	0	0	0.1464	0	0	0	0	0	0	0	0
0	0.6725	0.4328	0	0	0	0	0	0	0	0	0	0	0	0	0	0	0	0	0	0	0	0	0.9816	0	0	0	0.3114	0	0	0	0	0.6684	0.0129	0	0	0	0	0	0	0	0	0	0	0	0	0	0	0	0	0	0	0	0	0.9503	0	0	0.8403	0	0	0	0	0	0	0	0	0	0	0	0	0	0	0	0	0	0	1	0	0.551	0	0	0	0	0	0	0	0	0	0	0	0	0	0	0	0	0	0	0.0047	0	0
0	0	0	0	0	0.2736	0	0.2273	0	0.1505	0	0.4333	0	0	0	0	0	0	0	0	0	0	0	0	0	0	0	0	0	0	0	0	0	0	0	0	0	0.9081	0	0.0023	0	0	0	0	0	0	0	0	0	0	0	0	0	0.6446	0	0	0	0	0	0	0	0	0	0	0	0	0	0	0	0.8904	0	0	0	0	0	0.0642	0	1	0	0	0	0	0	0	0	0	0	0	0	0	0	0.4462	0	0	0	0	0	0	0	0
0	0	0	0	0	0	0	0	0	0	0	0	0	0	0	0	0	0	0	0.0012	0.4638	0.1431	0	0	0	0	0	0	0	0	0	0	0	0	0	0.6637	0	0	0	0	0	0	0	0	0	0	0	0	0	0	0.6626	0	0	0	0	0	0	0	0	0	0	0	0.9254	0	0	0	0	0	0	0	0	0	0	0	0	0	0	0	1	0.0624	0	0	0	0	0	0	0.1092	0	0	0	0	0	0	0	0	0	0.3177	0	0.5051	0
0	0	0	0	0	0	0	0.8417	0	0	0	0	0.5338	0	0	0	0	0	0	0	0	0	0	0	0.1203	0	0	0	0	0	0	0	0	0.2232	0	0	0	0	0	0	0	0.3272	0.271	0.7297	0	0.5174	0	0	0	0	0	0	0	0	0	0	0	0	0	0	0	0	0	0	0	0	0	0	0	0	0	0	0	0	0	0	0	0	0	1	0	0	0.2852	0	0	0.5924	0	0	0	0	0	0	0	0	0	0	0	0	0	0
0	0	0	0	0	0	0	0	0	0	0	0	0	0	0	0	0	0	0	0.7108	0	0	0	0	0	0	0	0	0.8573	0	0	0	0.1314	0	0	0	0	0	0	0	0.4783	0	0	0	0	0.3732	0	0	0	0	0	0.6582	0	0	0	0	0	0.7941	0	0	0	0	0	0.5351	0	0	0	0.8725	0	0	0	0	0	0	0	0	0	0	0	0	1	0	0	0	0	0.4691	0	0	0	0	0	0	0	0	0	0	0	0	0	0
0	0	0	0	0	0	0	0	0	0.4081	0.184	0	0	0	0	0	0	0	0	0.644	0.601	0	0	0	0	0	0	0	0	0	0	0.4808	0	0	0	0	0	0	0	0	0	0	0	0	0	0	0	0	0	0	0	0	0	0	0	0	0	0	0	0	0	0	0	0	0	0	0	0	0	0	0	0	0	0	0	0	0	0	0.0416	0.5277	0	1	0.3619	0.1882	0	0	0	0	0	0	0	0	0	0	0	0	0.8183	0	0	0
0	0	0	0	0	0	0	0	0	0	0	0	0	0	0	0	0	0	0	0.2409	0	0.5827	0.1802	0	0	0	0	0	0.8607	0	0	0.4447	0	0	0	0	0	0	0	0	0	0	0	0	0	0	0	0	0	0	0	0	0	0	0.4949	0	0	0	0	0	0	0	0	0.7324	0	0	0	0	0	0.5068	0	0	0	0	0	0	0	0.709	0	0	0	0	1	0	0	0	0	0	0	0	0	0	0	0.9525	0	0	0	0	0	0
0	0	0	0	0	0	0	0	0	0	0	0	0.6101	0	0.4508	0	0	0	0	0	0	0	0	0	0	0	0	0	0	0	0.7724	0	0	0	0	0	0	0	0	0	0	0	0	0	0	0	0	0	0	0	0.861	0.4046	0	0	0	0	0	0.3849	0	0	0	0	0.1382	0	0	0	0	0	0.5723	0	0	0	0	0	0.4123	0	0	0	0	0	0	0	0	1	0	0	0	0	0	0	0	0	0	0	0	0	0	0.963	0	0
0	0.2554	0	0	0	0	0	0	0	0	0	0	0	0	0	0	0	0	0	0	0	0	0	0	0	0	0	0	0	0	0.9576	0	0	0	0	0	0.3494	0.708	0	0	0	0	0	0	0	0	0	0	0	0	0	0	0	0	0	0.5483	0	0	0	0.2399	0	0	0	0	0	0	0	0	0	0.7011	0	0	0	0	0	0	0	0	0	0	0.2691	0	0	0	1	0	0	0	0.3256	0.3212	0	0	0	0	0	0	0	0	0	0
0	0.2312	0	0	0	0	0	0	0	0	0	0	0	0	0	0.4507	0	0	0	0	0	0	0	0	0.4124	0	0	0	0	0.8031	0	0	0	0	0	0	0	0	0	0	0	0	0	0	0.5998	0	0	0.564	0.807	0	0	0.499	0	0	0	0	0	0.2299	0	0	0	0	0	0	0	0	0	0	0	0	0	0	0	0	0	0	0	0	0	0	0	0.3733	0	0	0	1	0	0	0	0	0	0	0	0	0	0	0	0	0	0
0	0	0	0	0	0	0	0	0	0	0	0	0	0.5193	0	0.4217	0.8358	0	0	0	0	0	0	0	0	0	0	0	0	0	0	0.2763	0	0	0	0.7442	0	0	0	0	0	0	0	0	0.6461	0	0	0	0	0	0	0.7179	0	0.1308	0	0	0	0	0	0	0	0	0	0	0	0	0	0	0	0.0086	0	0	0	0	0	0	0	0	0	0	0	0	0	0	0	0.7773	1	0	0	0	0	0	0	0	0	0	0	0	0	0
0	0	0	0	0	0	0	0	0	0	0	0	0	0	0	0	0	0	0.1867	0	0	0	0	0	0	0	0.3039	0	0.5764	0	0	0	0	0	0	0	0.7501	0	0	0	0	0	0	0	0	0	0	0	0	0	0	0	0	0	0.548	0	0	0	0	0	0	0	0	0	0.7287	0	0	0	0	0	0.473	0.369	0	0	0	0	0	0	0	0	0	0	0	0	0	0	0	1	0	0	0	0	0	0	0.911	0.7983	0	0	0	0
0	0	0	0	0	0.3592	0	0	0	0	0	0	0	0	0	0.0636	0	0	0	0	0.6757	0	0	0.6924	0	0	0	0	0.1585	0	0	0	0	0	0	0	0	0	0	0.0981	0	0	0	0	0	0	0	0	0	0.6224	0	0	0	0	0	0	0.0945	0	0.3205	0	0	0	0	0	0	0	0	0	0	0	0	0	0	0	0.6185	0	0	0	0	0	0	0	0	0	0	0	0	0	1	0	0	0	0	0	0	0	0	0	0	0
0	0	0	0	0	0.2049	0	0	0	0	0	0	0	0	0	0	0	0	0	0	0	0	0	0	0	0	0.6579	0	0	0	0	0	0.3642	0	0	0	0	0	0.2723	0	0	0	0	0	0	0	0.864	0	0	0	0	0.4008	0	0	0	0	0	0	0	0	0	0	0.015	0	0	0	0	0	0	0	0	0	0	0.7997	0	0	0	0	0	0	0	0	0	0	0	0	0	0	0.6433	1	0	0	0	0	0.352	0	0	0	0	0
0	0	0	0	0	0	0	0	0	0	0	0	0	0	0	0	0	0	0	0	0	0	0	0	0	0	0	0	0	0.3133	0	0	0.1346	0	0.0858	0	0	0	0	0	0	0	0	0	0	0	0	0.4334	0	0	0	0	0	0	0.4364	0	0.0694	0	0	0	0	0	0	0	0	0	0.4412	0	0	0	0	0	0	0	0	0	0	0.0734	0	0	0	0	0	0	0	0	0	0.9772	0	0	1	0	0	0	0	0	0	0.7454	0	0
0	0	0	0	0	0	0	0	0	0	0	0	0.6603	0	0	0	0	0	0	0	0	0	0	0.3753	0	0	0.3623	0	0	0	0	0.5358	0	0	0	0	0	0	0	0	0	0	0	0	0	0	0.6707	0	0	0	0	0	0	0	0	0	0	0	0	0.4953	0	0	0	0	0	0	0.8327	0	0	0	0	0	0	0	0.4466	0	0	0	0	0	0	0	0	0	0	0	0	0	0	0	0	1	0.0285	0	0	0	0	0.2997	0	0
0.3946	0	0	0	0	0	0	0	0	0	0	0	0	0	0	0.9821	0	0.2795	0	0	0.5896	0	0	0	0	0	0	0.3664	0	0	0	0	0	0	0	0	0	0	0	0	0	0.6692	0	0	0	0	0	0.3443	0	0	0	0	0	0	0	0	0	0	0	0	0	0	0	0	0	0.8258	0	0	0	0	0.4199	0	0	0	0	0	0	0	0	0	0	0	0	0	0	0	0	0	0	0	0	0	1	0.9806	0	0	0	0	0	0
0	0	0	0	0.0867	0	0	0	0	0	0	0	0.4582	0	0	0	0	0	0	0	0	0	0	0	0	0	0	0	0	0	0	0	0	0	0	0	0	0	0	0	0.848	0	0	0	0	0.6481	0	0	0	0	0	0	0	0	0	0	0	0	0	0	0	0	0	0	0	0.4289	0	0	0	0	0	0	0	0	0	0.4409	0	0	0	0	0	0	0	0	0	0	0	0	0	0	0.2719	0	0	1	0	0.7582	0	0.0197	0.4909	0
0	0	0	0	0	0	0	0	0	0	0	0	0	0	0	0	0	0	0	0	0	0.6455	0	0	0	0	0	0	0	0	0	0	0	0	0	0	0	0	0.1028	0	0	0.4356	0.4115	0	0	0	0.9679	0.213	0	0	0	0	0	0	0	0	0	0.8087	0	0	0	0	0	0.5373	0	0	0	0	0	0	0	0	0	0	0	0	0	0	0	0	0	0	0	0	0	0	0	0	0.8848	0	0.788	0	0	0	1	0	0	0	0	0
0	0.6811	0	0	0	0	0	0	0	0	0	0.562	0.9652	0	0	0	0	0	0	0	0	0	0	0	0	0	0	0	0	0.0258	0	0	0	0.0436	0	0	0	0	0	0	0	0	0	0	0.5233	0	0	0	0	0	0	0	0	0	0	0	0	0	0	0.3439	0	0	0	0	0	0	0	0.0807	0	0	0	0.8093	0	0	0	0	0	0	0	0	0	0	0	0	0	0	0	0.9892	0	0	0	0	0	0	0	1	0	0	0	0
0	0	0	0	0	0	0	0	0	0	0	0	0	0	0	0	0	0	0	0.1616	0	0	0	0	0	0.2287	0	0	0	0	0.1586	0	0	0	0	0	0	0	0	0.9946	0	0	0	0	0	0	0	0	0	0	0.566	0	0.0951	0	0	0	0	0	0	0	0	0.9125	0	0.0991	0	0	0	0	0	0	0	0	0	0	0	0	0	0	0	0	0	0.2773	0	0	0	0.6864	0	0	0	0	0	0	0	0	0	0	1	0	0	0
0	0.3025	0	0	0	0	0	0	0.6216	0	0	0	0	0.9037	0	0	0	0	0	0.2842	0	0	0	0	0.048	0	0.3911	0	0	0	0	0	0	0	0	0	0.934	0	0	0.022	0	0	0	0	0	0	0	0	0	0	0	0	0	0	0	0	0	0	0	0	0	0	0	0	0	0	0	0	0	0	0	0	0	0.5873	0	0	0	0	0	0	0.4119	0	0	0	0	0	0	0	0	0	0	0	0	0	0	0	0	1	0	0
0	0	0	0	0	0	0	0.1872	0	0	0.5351	0	0	0	0	0	0	0	0	0	0	0	0	0	0	0	0.0635	0	0	0	0	0	0	0	0	0	0	0	0	0	0	0	0	0	0	0	0	0	0	0	0	0.9582	0	0	0	0.0833	0	0.8475	0	0	0	0	0	0	0.9177	0	0	0	0	0.0366	0	0	0	0	0	0	0	0	0	0	0	0	0	0	0.641	0	0	0	0	0	0	0.8278	0	0	0	0	0	0	1	0
0	0	0	0.3759	0	0.8095	0	0	0	0	0	0	0	0	0	0	0	0	0	0	0	0	0	0	0	0	0	0	0	0.9266	0	0	0.4069	0	0	0	0	0	0	0	0	0	0	0.6782	0	0	0	0	0	0	0	0	0.6437	0	0	0	0	0	0	0	0.2051	0	0	0	0	0	0	0	0	0	0	0	0	0.7584	0	0	0	0	0	0	0	0	0.0978	0	0	0	0	0	0	0	0	0	0	0	0	0.6309	0	0	0	1
2.4649	0	2.5718	0	0	0	0	2.298	0	0	0	0	0	0	0	0	0	0	0	0	2.8252	0	0	0	0	0	0	0	0	0	0	0	0	0	0	0	0	1.7964	0	0	0	0	0	0	0	0	2.3046	2.3975	2.2128	1.194	0	0	0	0	0	0	0	0	0	0	0	0	0	0	1.3608	0	0	0	0	0	0	0	0	0	0	0	0	0	0	0	0	0	1.6195	0	0	0	0	0	0	0	0	0	0	0	0	0	0	0	0	0
2.4649	1.131	0	0	0	0	1.3859	0	0	0	2.1647	0	0	0	0	2.5041	0	1.5835	0	0	0	0	0	2.2941	0	0	0	0	0	0	0	0	0	0	0	0	0	0	0	0	0	0	0	0	0	0	0	0	0	0	0	0	0	0	0	0	0	0	0	0	0	0	2.3163	0	0	0	0	0	0	0	1.1798	2.1086	0	0	0	2.8891	0	0	0	0	0	0	0	0	0	0	0	0	0	0	0	0	0	0	0	0	0	0	0	0
0	0	2.5718	0	0	0	0	0	0	0	0	0	0	0	0	0	0	0	2.1638	1.6989	0	0	0	0	0	0	0	0	0	2.166	0	0	1.9261	0	2.5131	0	0	0	0	0	0	0	0	0	0	0	0	0	0	0	0	0	2.7048	0	0	0	0	0	2.6639	0	0	0	0	0	0	2.0372	0	0	0	0	0	0	0	0	1.7934	0	0	0	0	0	0	0	0	0	0	0	0	0	1.3325	0	0	0	0	0	0	0	0	0	0	0
0	0	0	1.818	0	0	0	2.298	0	0	0	0	1.864	0	0	0	0	0	0	0	0	0	0	0	1.4563	0	0	0	0	0	1.2385	0	1.9261	0	0	0	0	0	0	0	0	0	0	0	0	0	0	0	0	0	0	0	0	0	0	0	0	0	0	0	0	0	0	0	0	0	0	0	0	0	0	0	0	2.0495	0	0	0	0	0	0	1.6654	0	0	0	0	0	1.9454	0	0	0	0	0	0	0	0	1.0649	2.8575	0	0	0
0	0	0	1.818	2.2478	0	1.3859	0	0	0	0	0	0	0	0	0	0	0	0	0	0	2.8174	0	0	0	0	0	0	0	0	0	0	1.9261	0	0	0	0	0	2.4054	0	0	0	0	0	0	2.2267	2.3046	0	0	0	0	0	0	0	0	0	0	1.0706	0	0	0	0	0	0	0	0	0	0	0	2.3731	0	0	0	0	0	0	0	0	0	0	0	0	1.6195	0	0	0	0	0	0	0	0	0	0	0	0	0	0	0	0	0
0	0	0	0	0	2.9164	0	0	0	0	0	0	1.864	0	0	0	0	0	0	0	0	0	0	0	0	0	0	0	0	0	0	0	0	0	0	0	2.6046	0	0	0	0	0	0	0	0	0	0	2.3975	0	0	0	0	0	0	0	0	0	0	0	0	0	1.7825	0	0	0	0	0	2.0177	0	0	0	0	0	0	0	0	0	0	0	0	1.6654	0	0	2.5517	0	0	0	0	0	0	2.9198	0	0	2.3312	0	0	0	1.9924	0	0
0	0	0	0	2.2478	0	1.3859	0	0	0	0	0	0	0	0	0	0	1.5835	0	0	0	0	0	2.2941	0	0	0	0	0	0	0	0	0	0	0	0	0	0	0	0	0	0	0	0	0	0	2.3046	0	0	0	0	0	0	0	0	0	0	0	0	0	0	0	0	0	0	0	0	0	0	0	0	0	1.2792	2.0495	0	0	0	0	0	0	0	0	0	0	0	0	0	0	0	2.1268	0	0	0	2.3312	0	0	2.8575	1.9924	0	0
0	0	0	0	0	0	0	2.298	0	1.8223	0	0	0	0	2.3277	0	0	0	0	1.6989	0	0	0	0	0	0	1.1569	2.4484	0	0	0	0	0	0	0	0	0	0	0	0	0	0	0	0	0	0	0	0	0	0	0	0	0	0	0	0	0	0	2.6639	0	0	0	0	0	0	0	0	0	0	0	0	2.1086	0	0	0	0	2.758	0	0	0	0	0	0	0	0	0	1.9454	0	1.3325	0	0	0	0	0	0	0	0	0	0	0
0	0	0	0	0	0	0	0	1.7475	0	2.1647	0	0	0	0	0	0	0	0	0	0	0	0	0	0	0	1.1569	0	0	0	0	2.0977	0	0	0	0	0	0	0	0	0	0	0	1.1643	0	0	0	0	0	0	0	0	0	0	0	0	0	1.0706	0	0	0	0	0	0	1.3608	0	0	0	0	0	0	0	0	0	0	2.8891	0	0	0	2.9554	0	1.7341	0	0	1.4535	0	0	0	0	0	0	0	0	0	0	0	0	0	0	0
0	0	0	0	0	0	1.3859	2.298	0	1.8223	2.1647	0	1.864	0	0	0	0	0	0	0	0	0	0	0	0	0	0	0	0	0	0	0	0	0	0	0	0	0	0	0	2.6867	0	0	0	0	2.2267	0	0	0	0	0	0	0	0	0	0	2.0571	0	0	0	0	0	0	0	0	0	0	0	0	0	0	0	0	0	0	0	2.758	0	0	2.9554	0	0	0	0	0	0	0	0	0	0	0	0	0	0	0	0	0	1.9924	0	0
0	0	0	0	0	0	0	2.298	0	0	2.1647	1.5842	0	0	0	0	0	0	2.1638	0	0	0	0	0	0	0	1.1569	0	0	0	0	0	0	0	0	0	0	0	0	0	0	0	0	0	0	0	0	2.3975	0	0	0	0	2.7048	0	0	0	0	0	0	0	0	1.7825	2.3163	0	0	0	0	0	0	0	0	0	0	0	0	0	0	0	0	0	0	1.7341	0	0	0	0	0	0	0	0	0	0	0	2.3312	0	0	0	0	0	0
0	1.131	0	1.818	0	0	1.3859	0	0	0	0	1.5842	0	0	0	0	0	0	0	0	0	0	0	0	0	0	0	0	0	0	0	0	0	0	0	0	0	0	0	0	0	0	0	0	2.9394	0	0	0	0	0	0	0	0	0	1.7552	0	0	0	0	0	0	1.7825	0	0	0	0	0	0	0	0	0	0	0	2.0495	1.7934	2.8891	0	0	0	0	0	0	0	0	0	0	0	0	0	0	0	0	0	0	0	0	0	0	0	1.3597
0	1.131	0	0	0	2.9164	0	0	0	0	0	0	1.864	0	0	0	0	0	0	0	0	0	0	0	0	0	0	0	0	0	0	0	0	1.0163	0	0	0	0	0	0	2.6867	0	0	1.1643	0	0	0	0	0	0	0	0	0	0	0	0	0	0	0	1.4222	0	0	0	0	0	0	0	0	1.1872	0	0	0	0	0	0	0	0	0	0	0	1.6654	0	0	0	0	0	0	1.7304	0	0	0	0	0	0	0	1.0649	0	0	0	0
0	0	0	0	0	0	0	0	0	0	0	0	0	2.186	0	0	0	0	0	0	0	0	1.4673	0	0	0	0	0	0	0	0	0	0	0	0	0	0	0	0	2.6182	0	0	0	0	0	0	0	0	0	0	2.9284	0	0	0	0	0	0	1.0706	0	0	0	0	0	0	0	0	0	0	0	0	0	0	0	0	0	2.8891	0	0	0	0	0	1.7341	0	2.5517	0	0	0	0	0	0	0	0	2.9437	0	0	0	0	1.9924	1.8733	0
0	0	0	0	0	0	0	0	0	0	0	0	0	0	2.3277	0	0	0	0	0	0	0	0	0	0	0	0	0	0	0	0	0	0	0	2.5131	0	0	0	0	0	0	0	0	0	0	0	2.3046	0	0	0	0	0	0	0	0	0	0	1.0706	0	0	1.9527	0	2.3163	0	0	0	0	0	0	0	0	0	1.2792	0	0	0	0	0	2.7899	0	0	0	0	0	0	0	0	0	0	0	0	2.3717	0	0	2.0586	0	0	0	1.8733	0
0	0	2.5718	0	0	0	0	0	0	1.8223	0	0	0	0	0	2.5041	0	0	0	0	0	0	0	0	0	0	0	0	0	0	0	0	0	0	0	0	0	0	0	2.6182	0	1.9087	0	0	0	0	0	2.3975	0	0	0	0	2.7048	0	1.7552	0	0	0	0	1.4222	0	0	0	0	0	0	0	0	1.1872	0	0	0	0	0	0	0	0	0	0	0	0	0	0	0	0	0	0	1.7304	0	0	0	0	0	0	0	0	0	0	0	0
0	1.131	0	0	0	0	0	2.298	0	0	0	0	0	0	0	0	2.4509	0	0	0	0	0	0	0	0	0	1.1569	0	0	0	0	0	0	0	0	0	0	0	0	0	0	0	0	0	0	0	0	0	0	1.194	0	0	0	0	0	0	0	0	0	0	0	0	2.3163	0	0	0	0	0	0	0	1.1798	0	0	0	0	0	0	0	0	2.9554	1.6654	1.7341	0	0	0	0	0	0	0	0	0	0	0	0	2.0586	0	0	0	0	0
0	0	0	0	0	0	0	2.298	1.7475	0	0	0	0	0	2.3277	0	0	1.5835	0	0	0	0	0	0	0	1.2979	0	0	0	0	0	0	0	0	0	0	2.6046	0	0	0	0	0	0	0	0	0	0	0	0	0	0	0	0	0	0	0	0	0	0	0	0	0	0	0	0	0	0	0	0	0	1.1798	0	0	0	0	0	0	2.5921	0	0	1.6654	0	0	0	0	1.3725	0	0	0	0	0	0	0	0	0	0	2.8575	0	0	0
2.4649	0	0	1.818	0	0	0	0	0	0	0	1.5842	0	0	0	0	0	0	2.1638	1.6989	0	0	1.4673	0	0	0	0	0	0	0	0	0	0	0	0	0	0	0	0	0	0	0	0	0	0	0	0	0	0	0	0	0	0	0	0	0	0	0	0	0	0	1.7825	0	0	0	0	0	0	0	0	0	0	0	0	0	0	0	2.5921	0	0	1.6654	0	0	0	0	1.3725	1.9454	0	0	0	0	0	0	0	0	0	0	0	0	0
0	0	0	0	0	0	0	0	0	0	0	1.5842	0	2.186	2.3277	0	0	0	2.1638	1.6989	0	0	0	0	0	1.2979	0	0	0	0	0	2.0977	0	1.0163	0	0	0	0	0	0	0	0	0	0	0	0	0	0	0	0	0	0	0	0	0	0	0	0	0	1.4222	0	0	0	0	0	0	0	0	0	0	0	0	0	0	0	0	0	0	0	0	0	0	0	0	0	0	0	1.7304	0	0	0	0	0	0	0	1.0649	0	0	0	0
0	0	0	0	2.2478	0	1.3859	0	0	0	2.1647	0	1.864	0	0	0	0	1.5835	0	0	2.8252	0	0	0	1.4563	0	0	0	0	0	0	0	0	0	0	0	0	0	0	0	0	0	0	0	0	0	0	0	0	0	0	2.9178	0	2.8535	0	2.7535	0	0	0	0	0	0	0	0	0	0	0	0	0	0	0	0	0	0	0	0	0	0	0	0	0	0	0	0	0	0	0	0	0	0	0	0	0	0	2.0586	0	0	0	0	0
0	0	0	1.818	0	0	1.3859	0	1.7475	0	0	0	0	0	0	0	0	0	0	0	0	2.8174	1.4673	0	0	0	0	0	0	2.166	0	2.0977	0	1.0163	0	0	0	0	0	0	0	0	0	0	0	0	0	0	0	0	0	0	0	0	0	0	0	0	0	0	0	0	0	0	0	2.0372	0	0	0	0	0	0	0	0	0	0	0	0	2.7899	0	0	0	0	0	0	0	0	0	0	0	0	0	0	0	0	1.0649	0	0	0	0
0	1.131	0	0	0	0	0	0	0	0	0	0	1.864	0	0	0	0	0	0	0	0	0	1.4673	2.2941	0	0	0	0	0	0	0	2.0977	0	0	0	0	0	0	2.4054	0	0	0	0	0	0	0	0	0	0	0	0	0	0	0	0	0	0	0	0	0	0	0	0	0	1.3608	0	2.2603	0	0	0	0	0	0	0	0	0	0	0	0	0	0	0	1.6195	0	0	0	0	0	1.3325	0	0	2.3717	0	0	0	0	0	0	0	0
0	1.131	0	0	0	0	0	0	0	0	0	0	0	0	0	0	0	1.5835	0	0	0	0	0	2.2941	0	0	0	0	0	0	0	0	0	0	0	0	2.6046	0	0	0	0	0	0	0	0	0	0	0	0	0	0	0	0	0	1.7552	0	0	0	0	1.4222	0	0	0	0	0	0	2.2603	2.0177	0	0	0	0	0	0	1.7934	0	0	0	0	0	0	1.7341	1.6195	0	0	0	0	0	0	0	0	0	0	0	0	0	0	0	0	0
0	0	0	0	0	0	0	0	0	0	0	0	0	0	0	2.5041	0	0	2.1638	0	0	0	0	0	1.4563	0	0	2.4484	0	0	0	0	0	0	0	0	0	0	0	2.6182	0	0	2.3004	0	2.9394	0	0	0	0	0	0	0	0	2.8535	0	0	0	0	0	0	0	0	0	2.3249	0	0	0	0	0	0	0	0	0	0	0	0	0	0	0	0	0	0	0	0	0	1.3725	0	0	0	0	0	0	0	0	0	0	0	1.9924	0	0
0	0	0	0	0	0	0	0	0	1.8223	0	0	0	0	0	0	0	0	0	0	0	0	0	0	0	1.2979	0	0	0	0	0	0	0	0	0	0	0	0	0	0	0	0	0	1.1643	0	0	0	0	2.2128	0	0	0	0	2.8535	0	0	0	0	0	0	0	1.7825	0	0	0	0	0	0	1.1872	0	0	0	0	0	0	2.8891	0	0	0	0	0	0	0	0	1.4535	0	0	0	0	0	0	0	0	0	2.0586	0	0	0	1.8733	0
0	0	0	1.818	0	0	0	0	0	0	0	0	0	0	0	0	0	0	0	0	0	0	0	0	0	0	1.1569	2.4484	2.7892	0	0	2.0977	0	0	0	0	2.6046	0	0	0	0	0	0	0	0	0	2.3046	0	0	0	0	0	0	2.8535	0	0	0	0	0	0	0	0	0	0	0	0	0	2.0177	0	0	0	0	0	0	0	0	0	0	0	0	1.6654	1.7341	0	0	0	0	0	0	0	0	0	0	0	0	0	0	0	0	0	0
0	0	0	0	0	0	0	0	0	0	0	0	0	0	0	0	0	0	2.1638	0	0	0	0	0	0	0	0	2.4484	0	0	1.2385	0	0	1.0163	0	0	0	1.7964	0	0	0	0	0	0	0	0	0	0	0	0	0	0	0	0	0	0	0	0	0	0	0	0	0	0	1.3608	0	0	0	0	0	0	0	0	0	1.7934	0	0	0	0	0	0	0	0	0	0	1.3725	1.9454	0	0	0	0	0	0	2.3312	0	0	0	0	0	1.3597
0	0	0	0	0	0	0	0	0	1.8223	0	0	0	0	0	0	0	1.5835	0	0	0	2.8174	0	0	0	0	1.1569	0	2.7892	2.166	0	0	0	0	0	0	0	0	2.4054	2.6182	0	0	0	0	0	0	0	0	0	0	0	0	0	0	0	0	0	0	0	0	0	0	0	0	0	0	0	0	0	0	1.1798	0	0	0	0	0	0	0	0	0	0	0	0	0	0	0	0	0	0	0	0	0	0	2.3312	0	0	0	0	1.8733	0
0	0	2.5718	0	0	0	0	0	0	0	0	0	0	0	0	0	0	0	0	0	0	2.8174	0	0	0	0	0	0	0	2.166	0	0	0	0	2.5131	0	0	0	0	0	0	0	2.3004	0	2.9394	0	0	0	0	0	0	0	0	0	0	0	0	0	0	0	0	0	0	0	0	0	0	0	0	0	0	0	0	0	1.7934	0	0	0	0	0	0	0	0	0	0	0	0	1.7304	1.3325	0	0	0	0	2.3312	2.0586	0	0	0	0	0
0	0	0	0	0	2.9164	0	0	0	0	0	0	0	0	0	0	0	0	0	0	0	0	0	0	0	0	0	0	2.7892	0	1.2385	0	0	0	0	0	0	0	0	0	0	0	0	0	0	0	0	0	0	0	0	0	0	0	0	0	2.0571	0	2.6639	0	0	1.7825	0	0	0	0	0	0	0	0	0	0	1.2792	0	0	0	2.758	0	0	0	0	1.7341	0	0	0	0	0	0	0	0	0	0	0	0	0	0	0	0	1.8733	1.3597
0	0	0	0	2.2478	0	0	0	1.7475	0	0	1.5842	0	0	0	0	0	0	0	0	0	0	0	2.2941	1.4563	0	0	2.4484	0	0	0	2.0977	0	0	0	2.2451	0	0	0	0	0	0	0	0	0	2.2267	0	0	0	0	0	0	0	0	1.7552	0	0	0	0	0	0	1.7825	0	0	0	0	0	0	0	0	0	0	0	0	0	0	0	0	0	0	0	0	0	0	0	0	0	0	0	0	0	0	0	0	0	0	0	0	0	0
0	0	0	0	0	0	0	0	0	0	0	0	0	0	0	0	0	0	0	0	0	0	0	2.2941	0	0	0	0	0	2.166	0	0	1.9261	0	0	2.2451	0	0	0	0	0	0	0	0	0	0	0	2.3975	0	0	0	0	0	0	0	0	0	0	0	0	0	0	0	0	1.3608	2.0372	0	0	0	0	0	0	0	0	0	2.8891	2.758	0	0	0	0	0	0	0	0	0	0	0	0	0	0	2.3717	2.9437	0	0	0	0	0	0	0
0	0	0	1.818	0	0	0	0	1.7475	0	0	0	0	0	0	0	0	0	0	0	2.8252	0	0	0	0	0	1.1569	0	0	0	0	0	0	1.0163	2.5131	0	0	0	0	0	2.6867	0	0	0	0	0	0	0	0	0	0	2.9178	0	0	0	0	0	0	0	0	0	0	2.3163	0	0	0	0	0	0	0	0	0	0	0	0	0	0	0	0	0	0	0	0	0	0	0	0	0	1.3325	0	0	0	0	0	0	1.0649	0	0	0	0
2.4649	0	0	1.818	0	0	0	0	0	0	0	1.5842	0	2.186	0	0	0	0	0	0	0	0	0	0	0	0	0	0	0	0	0	0	0	0	2.5131	0	0	0	0	0	0	0	0	0	0	0	0	0	0	0	0	0	0	0	0	0	0	0	0	0	0	0	0	0	0	0	0	2.0177	1.1872	0	0	0	0	0	0	0	2.758	0	0	0	1.6654	1.7341	0	0	0	0	0	0	0	0	0	0	2.9437	0	0	0	0	0	0	0
0	0	0	0	0	0	0	2.298	0	1.8223	0	0	0	2.186	0	0	0	0	0	0	0	0	0	0	0	0	0	0	0	0	0	0	0	0	5.0262	2.2451	0	0	2.4054	0	0	0	0	0	0	0	0	0	0	0	0	0	0	0	0	0	0	0	0	0	0	0	0	0	0	0	0	0	0	0	0	0	0	0	0	0	0	0	2.7899	0	0	0	0	0	0	0	0	0	1.3325	0	0	0	2.9437	0	0	1.0649	0	0	0	0
0	1.131	0	0	0	0	0	0	0	0	0	0	0	0	0	0	0	0	0	0	0	0	0	0	0	0	1.1569	2.4484	0	0	0	0	0	0	0	0	2.6046	0	0	0	0	1.9087	0	0	0	0	0	0	0	0	0	0	0	0	1.7552	0	0	0	0	0	1.9527	0	0	0	1.3608	0	0	0	0	0	0	2.1086	1.2792	0	0	2.8891	0	0	0	0	0	0	0	0	0	0	0	0	0	0	0	0	0	0	0	0	0	0	0	0
0	0	0	0	0	0	0	0	1.7475	0	0	0	0	0	0	0	0	0	0	0	2.8252	0	0	0	0	1.2979	0	0	0	0	0	0	0	1.0163	2.5131	0	0	1.7964	2.4054	0	0	0	0	0	0	2.2267	0	0	0	0	0	0	0	0	0	0	0	0	0	0	0	0	0	0	0	0	0	0	0	0	0	0	0	0	0	0	0	0	0	0	0	0	0	2.5517	0	0	1.9454	0	0	0	0	0	0	0	0	0	2.8575	0	0	0
0	0	0	0	0	0	0	0	0	0	0	0	0	0	0	0	0	0	0	0	0	0	1.4673	0	0	0	0	0	0	0	0	0	0	0	2.5131	2.2451	0	0	2.4054	0	0	0	0	0	0	0	0	0	2.2128	0	0	0	0	0	1.7552	0	2.0571	0	0	0	0	0	0	0	0	0	0	0	0	0	0	2.1086	0	0	0	0	0	0	0	0	1.6654	0	0	0	0	0	0	0	1.3325	0	0	2.3717	0	0	0	0	0	0	0	0
0	1.131	0	0	0	0	0	0	0	0	2.1647	0	0	0	2.3277	0	0	0	0	0	0	0	1.4673	0	0	0	0	0	0	0	1.2385	0	0	0	0	0	0	0	0	2.6182	0	0	0	0	0	0	0	0	2.2128	0	0	0	0	0	0	2.7535	0	0	0	0	0	0	2.3163	0	0	2.0372	0	0	0	0	0	0	0	0	0	0	0	0	0	0	0	0	0	0	0	0	0	0	0	2.1268	0	0	0	0	0	0	0	0	0	0
0	0	0	0	0	0	1.3859	0	0	0	0	0	0	2.186	0	0	0	0	0	0	0	0	0	0	0	0	0	0	0	0	0	2.0977	0	0	2.5131	0	0	0	0	0	2.6867	0	0	0	0	0	0	0	0	0	0	0	0	2.8535	0	2.7535	0	0	0	0	0	0	0	0	0	0	0	0	0	0	0	0	0	0	0	0	0	2.5921	0	0	0	0	1.6195	0	0	1.3725	0	0	0	0	0	0	0	0	0	0	0	1.9924	0	0
0	0	2.5718	1.818	0	0	0	0	0	1.8223	0	0	0	0	0	0	0	0	0	0	0	0	0	0	0	0	0	0	0	0	0	0	0	0	0	0	0	0	0	0	0	1.9087	0	0	0	2.2267	0	0	0	0	0	0	0	2.8535	0	0	0	0	0	0	0	1.7825	2.3163	0	0	0	0	0	1.1872	0	0	0	1.2792	0	0	0	0	0	0	0	0	0	0	0	0	0	0	1.7304	0	0	0	0	0	0	0	0	0	0	0	0
0	0	0	0	0	0	0	0	0	0	0	0	0	0	0	0	0	0	0	0	0	2.8174	0	2.2941	0	0	0	0	2.7892	0	0	0	0	0	0	0	0	1.7964	0	2.6182	0	1.9087	2.3004	0	0	0	0	0	0	0	0	0	0	0	0	0	0	0	0	0	0	0	0	0	0	0	2.2603	0	0	0	0	0	0	0	1.7934	0	0	0	2.7899	0	1.6654	0	0	0	0	0	0	0	0	0	0	0	0	0	0	0	0	0	0	0
0	0	0	0	0	0	1.3859	0	0	0	0	0	0	0	0	0	2.4509	0	0	0	0	0	0	0	0	0	0	0	0	0	0	0	0	0	0	0	0	0	2.4054	0	0	0	0	1.1643	0	0	0	0	0	0	0	0	0	0	1.7552	0	0	0	0	0	1.9527	0	0	0	0	0	0	0	0	0	0	2.1086	0	2.0495	0	0	0	0	2.7899	0	0	0	0	0	0	0	0	0	0	0	0	0	0	2.3312	0	1.0649	0	0	0	0
0	0	0	0	0	0	0	0	0	0	0	0	0	2.186	0	0	0	0	0	0	0	0	0	0	0	0	0	0	0	0	0	2.0977	0	0	0	0	0	0	0	0	0	0	2.3004	0	2.9394	0	2.3046	2.3975	0	0	0	0	0	0	0	0	0	0	0	0	1.9527	0	0	0	0	0	0	0	1.1872	0	0	0	0	0	0	0	2.758	0	0	0	0	0	0	0	0	0	1.9454	0	0	0	0	0	2.9437	0	0	0	0	0	0	0
0	0	0	0	0	0	0	0	0	0	0	0	0	0	2.3277	0	0	0	0	0	0	0	1.4673	0	1.4563	0	0	0	0	0	0	2.0977	0	0	2.5131	0	0	0	0	2.6182	0	1.9087	0	0	0	2.2267	0	2.3975	0	0	0	0	0	0	0	0	0	0	0	0	0	0	0	0	0	2.0372	0	0	0	0	0	0	0	0	0	0	0	0	0	0	1.6654	0	0	0	0	0	0	0	0	0	0	0	0	0	0	0	0	0	0	0
0	0	0	0	0	0	0	0	0	0	0	1.5842	0	0	0	0	0	0	0	0	0	0	1.4673	0	0	0	0	0	0	0	0	2.0977	0	0	0	0	0	1.7964	2.4054	0	0	0	0	0	0	0	2.3046	0	0	0	0	2.9178	0	0	0	0	0	0	0	0	0	0	0	2.3249	0	0	0	0	0	0	1.1798	0	0	0	0	0	0	0	0	0	0	0	0	0	0	0	0	1.7304	0	0	0	0	0	0	0	0	2.8575	0	0	0
0	0	0	0	0	0	0	0	0	1.8223	0	0	0	0	0	0	0	0	0	0	0	0	0	0	0	0	0	0	0	0	0	0	0	0	0	2.2451	0	0	2.4054	0	0	0	0	0	0	0	2.3046	2.3975	0	0	0	0	0	0	0	0	2.0571	0	0	0	0	0	0	0	0	0	0	0	0	0	0	0	0	2.0495	1.7934	0	0	0	0	0	0	0	1.6195	2.5517	0	0	0	0	0	0	0	0	2.9437	0	0	0	0	0	0	0
0	0	2.5718	0	2.2478	0	0	0	0	1.8223	0	0	0	0	0	0	0	0	0	0	0	0	0	0	0	0	0	0	0	2.166	0	0	1.9261	0	0	0	0	0	0	2.6182	0	1.9087	0	0	0	2.2267	0	0	2.2128	0	0	0	0	0	0	0	0	0	0	0	0	0	0	0	0	0	0	0	0	2.3731	0	0	0	0	0	0	0	0	0	0	0	0	1.6195	0	0	0	0	0	0	0	0	0	0	0	0	0	0	0	0	0
0	0	0	0	0	0	0	0	0	0	0	0	0	0	0	0	2.4509	0	0	0	0	0	0	2.2941	0	0	0	0	0	0	0	0	0	0	0	2.2451	2.6046	0	0	0	0	0	0	0	0	0	0	0	0	1.194	0	0	2.7048	0	0	0	0	0	0	0	0	0	0	0	0	2.0372	0	2.0177	0	0	0	0	0	0	0	0	0	0	2.7899	0	0	0	0	0	0	0	0	0	0	0	2.9198	2.3717	0	0	0	0	0	0	0	0
2.4649	0	0	0	0	2.9164	0	0	0	0	0	1.5842	0	0	0	2.5041	0	0	0	0	0	0	1.4673	0	1.4563	0	0	0	0	0	0	0	0	0	0	0	0	0	0	2.6182	0	1.9087	0	0	2.9394	0	0	0	0	0	2.9284	0	0	0	0	0	0	0	0	0	0	0	0	0	0	0	0	0	0	0	0	0	0	0	0	0	0	0	2.7899	0	0	0	0	0	0	0	0	0	0	0	0	0	0	0	0	0	0	0	0	0
0	0	0	0	0	0	0	0	1.7475	0	0	0	0	0	0	0	2.4509	0	0	0	0	0	1.4673	0	0	0	0	0	0	0	0	0	0	0	0	0	0	0	0	0	0	0	0	0	0	0	0	0	0	0	0	2.9178	2.7048	0	0	0	0	0	0	0	0	0	0	0	0	0	2.2603	0	0	0	0	0	0	2.0495	0	0	2.758	0	2.7899	2.9554	0	1.7341	0	0	0	0	0	0	0	0	0	0	0	0	0	0	0	0	0	0
0	1.131	0	0	0	0	0	0	0	0	2.1647	0	0	2.186	0	0	0	0	0	0	0	0	0	0	1.4563	0	0	0	0	0	0	0	0	0	0	0	0	1.7964	0	0	0	0	0	0	0	0	2.3046	0	0	0	0	2.9178	2.7048	0	0	0	0	1.0706	0	0	0	0	0	0	0	0	0	0	0	0	0	0	1.2792	0	0	0	0	0	0	0	0	0	0	0	0	0	0	0	0	0	2.9198	0	0	0	0	0	0	0	0	0
0	0	0	1.818	0	0	0	0	1.7475	0	0	0	0	0	2.3277	2.5041	0	0	0	0	0	0	0	0	0	0	0	0	0	0	0	0	0	0	0	0	2.6046	0	0	0	0	0	0	0	0	0	0	2.3975	0	0	0	0	2.7048	2.8535	0	0	0	0	0	1.4222	0	0	0	0	0	0	0	0	0	0	0	0	1.2792	0	0	0	0	0	0	0	0	0	0	0	1.4535	0	0	0	0	0	0	0	0	0	0	0	0	0	0	0
0	0	0	0	0	0	0	0	1.7475	0	0	1.5842	0	0	0	0	0	0	0	0	0	0	0	0	0	0	0	2.4484	0	0	0	0	0	0	0	0	0	1.7964	2.4054	0	0	0	0	0	0	0	0	0	2.2128	0	0	0	0	0	1.7552	0	0	0	0	0	0	1.7825	0	0	0	0	0	2.0177	0	0	0	0	0	0	0	0	0	0	0	0	0	0	0	0	0	0	1.9454	0	0	0	0	0	0	0	2.0586	0	0	0	0	0
0	0	0	0	0	0	0	0	0	0	0	0	0	0	0	0	0	0	0	0	0	0	0	0	0	0	0	2.4484	0	0	0	0	1.9261	0	0	2.2451	0	0	0	0	0	0	0	0	0	0	0	0	0	0	0	0	0	0	0	2.7535	0	1.0706	0	0	0	0	0	0	0	0	0	0	1.1872	0	0	0	0	2.0495	1.7934	0	0	0	0	0	0	0	0	2.5517	0	0	0	0	0	0	0	0	2.9437	0	0	0	0	1.9924	0	0
0	0	0	1.818	0	0	0	0	0	0	0	0	0	0	0	0	0	0	0	0	0	0	1.4673	0	0	0	0	0	0	0	0	2.0977	0	0	0	2.2451	0	0	0	0	0	0	0	0	0	0	0	0	0	1.194	0	0	0	0	0	0	2.0571	0	0	0	0	1.7825	0	0	0	0	0	0	0	0	0	0	0	0	0	0	0	0	0	0	0	0	0	0	0	0	0	1.7304	0	0	2.9198	0	0	0	0	1.0649	0	0	0	1.3597
2.4649	0	0	0	2.2478	0	0	0	0	0	0	0	0	0	2.3277	0	0	0	0	0	0	2.8174	0	0	0	1.2979	0	0	0	0	1.2385	0	0	0	0	0	2.6046	0	0	0	0	0	0	1.1643	0	0	0	0	0	1.194	0	0	0	0	0	0	0	1.0706	0	0	0	0	0	0	0	0	0	0	0	0	0	0	0	0	0	0	0	0	0	0	0	0	0	0	0	0	0	0	1.3325	0	0	0	0	0	0	0	0	0	0	0
0	0	0	1.818	0	0	0	0	0	0	0	0	0	0	0	0	0	0	0	0	0	0	0	2.2941	0	0	0	0	0	0	0	0	0	1.0163	0	0	0	0	0	0	0	0	0	0	0	2.2267	0	2.3975	0	0	0	0	0	0	0	0	0	0	2.6639	0	0	0	0	0	0	0	0	2.0177	0	0	0	0	0	2.0495	1.7934	0	0	0	0	0	0	0	0	0	0	0	0	0	1.3325	0	0	0	0	0	0	1.0649	0	0	0	0
0	0	0	0	0	0	0	0	0	0	0	1.5842	0	0	2.3277	0	0	0	0	0	2.8252	0	0	0	0	0	0	0	2.7892	0	0	0	0	0	0	0	2.6046	0	0	2.6182	0	0	0	0	0	0	0	2.3975	0	0	0	0	0	0	0	0	0	0	0	1.4222	0	1.7825	0	0	0	0	0	0	0	0	0	0	0	0	0	0	0	0	0	2.9554	0	1.7341	0	0	0	0	0	0	0	0	0	0	0	0	0	0	0	0	0	0
0	0	0	0	0	0	1.3859	0	0	0	0	1.5842	0	0	0	0	0	0	0	0	0	0	0	0	0	0	0	0	0	0	0	0	1.9261	0	2.5131	0	0	1.7964	0	0	0	0	2.3004	0	0	0	0	0	0	0	0	0	0	0	1.7552	0	0	0	0	0	1.9527	0	0	0	0	0	2.2603	0	0	0	0	0	0	0	0	0	0	0	2.7899	0	0	0	0	0	0	0	0	0	0	0	2.9198	0	0	0	0	0	0	0	0	0
0	0	0	0	0	0	0	2.298	1.7475	0	0	0	0	0	0	0	2.4509	0	0	0	0	0	0	2.2941	0	0	0	0	0	0	0	0	0	0	0	0	0	0	0	0	0	0	0	0	0	0	0	0	0	0	0	0	0	2.8535	0	0	0	0	0	0	0	1.7825	2.3163	0	0	2.0372	0	0	0	0	0	0	0	2.0495	0	2.8891	0	0	0	0	0	1.7341	0	0	0	0	0	0	0	0	0	0	0	0	0	0	0	0	0	0
0	1.131	0	0	2.2478	0	0	0	0	0	0	1.5842	0	0	0	0	0	0	2.1638	0	0	0	0	2.2941	0	0	0	0	2.7892	0	0	0	0	0	0	0	2.6046	0	0	0	0	0	0	0	0	0	0	0	0	0	0	0	0	0	0	0	0	0	0	0	0	0	2.3163	0	0	0	0	0	1.1872	0	0	0	0	0	0	0	0	0	0	0	0	0	0	0	1.4535	0	0	0	0	2.1268	0	0	0	0	0	0	0	0	0	0
2.4649	0	0	0	0	0	0	2.298	0	0	0	0	0	0	0	0	0	0	0	0	0	0	0	0	0	1.2979	0	0	0	0	0	0	0	0	2.5131	0	2.6046	0	0	0	0	0	0	0	0	0	0	2.3975	0	0	0	0	0	0	0	0	0	0	0	0	0	0	0	2.3249	0	0	0	2.0177	0	0	0	0	0	0	0	2.8891	2.758	0	0	0	0	0	0	0	0	0	0	1.7304	0	0	0	0	0	0	0	0	0	0	0	0
0	0	0	0	0	0	0	0	0	0	0	0	0	0	0	0	0	0	0	0	0	0	0	0	0	0	0	0	0	0	0	0	0	1.0163	0	2.2451	0	0	0	0	0	0	0	0	0	0	0	2.3975	2.2128	0	0	0	0	0	0	0	0	0	0	0	0	0	0	0	1.3608	0	0	0	0	0	0	0	0	0	0	0	0	0	0	0	1.6654	1.7341	0	0	0	0	0	0	0	0	0	0	2.9437	0	0	0	2.8575	0	1.8733	1.3597
0	0	0	0	0	0	0	0	0	0	0	0	0	0	0	0	0	0	0	0	0	0	0	0	0	0	0	0	0	2.166	0	0	0	0	0	2.2451	2.6046	0	0	0	0	0	0	0	2.9394	0	0	0	0	0	0	2.9178	0	2.8535	0	0	0	0	0	0	0	0	0	0	0	2.0372	0	0	0	0	0	0	0	0	0	0	0	0	0	0	0	1.7341	0	0	0	0	0	0	0	0	0	0	2.9437	0	0	1.0649	0	1.9924	0	0
0	0	0	0	0	0	0	0	0	0	0	0	0	0	2.3277	0	0	0	2.1638	0	0	0	0	0	0	0	0	0	0	0	0	2.0977	0	0	0	2.2451	0	0	0	0	0	0	0	0	0	0	0	0	0	0	2.9284	0	0	0	0	0	2.0571	0	0	1.4222	0	0	0	0	0	2.0372	2.2603	0	0	0	0	0	0	0	0	0	0	0	0	0	0	0	0	0	1.4535	1.3725	0	0	0	0	0	0	0	0	0	0	0	0	0	0
0	0	0	0	0	2.9164	0	0	1.7475	0	0	0	0	2.186	0	0	0	0	0	0	0	0	0	0	0	0	0	2.4484	0	0	1.2385	0	0	1.0163	0	0	0	0	0	0	0	0	0	0	0	0	0	0	0	1.194	0	0	0	0	0	0	0	1.0706	0	0	0	0	0	0	0	0	0	2.0177	0	0	1.1798	0	0	0	0	0	0	0	0	0	0	0	0	0	0	1.3725	0	0	0	0	0	0	0	0	0	0	0	0	0	0
2.4649	0	0	0	0	0	0	0	0	0	2.1647	0	1.864	0	0	0	0	0	0	0	2.8252	0	0	0	0	0	0	0	0	0	0	0	0	0	0	0	0	0	0	0	0	0	0	1.1643	0	0	0	2.3975	0	0	0	0	0	0	1.7552	0	0	0	0	0	0	0	0	0	0	2.0372	0	0	1.1872	0	0	0	0	0	0	0	0	0	0	0	0	0	0	0	0	0	0	0	1.3325	0	0	0	0	0	0	0	2.8575	0	0	0
0	0	0	0	0	0	0	0	0	0	2.1647	0	1.864	0	0	0	0	0	0	0	0	0	0	0	0	0	0	0	2.7892	0	0	0	0	1.0163	0	0	2.6046	0	0	0	0	0	2.3004	1.1643	0	0	0	2.3975	2.2128	0	0	0	0	0	0	0	0	0	0	0	0	0	0	0	0	0	0	0	0	2.3731	0	0	0	0	0	0	0	0	0	0	0	0	0	0	0	1.3725	0	0	0	0	0	0	0	0	0	0	0	0	0	0
0	1.131	0	0	0	0	0	0	0	0	0	0	0	0	0	0	0	0	0	0	0	0	0	0	0	0	0	0	0	0	0	0	1.9261	0	0	2.2451	0	0	0	0	0	0	0	0	0	0	0	0	2.2128	0	0	0	0	0	0	0	0	0	0	1.4222	1.9527	0	0	0	0	0	0	2.0177	0	0	1.1798	0	0	0	0	0	2.758	0	0	0	0	0	1.6195	0	0	0	0	0	0	0	2.9198	0	0	0	0	0	0	0	0	0
0	0	0	0	0	0	1.3859	0	0	0	0	0	0	0	0	0	0	0	0	0	0	0	0	0	0	0	0	0	0	0	0	0	0	0	2.5131	0	2.6046	1.7964	0	0	0	0	0	0	0	2.2267	0	0	2.2128	0	0	0	0	0	0	0	0	0	0	0	1.9527	0	0	0	0	2.0372	0	0	0	2.3731	0	2.1086	0	2.0495	0	0	0	0	0	0	0	0	0	0	0	0	0	0	0	0	0	0	0	0	0	0	0	0	0	0
2.4649	0	0	0	0	0	0	0	0	0	0	0	0	0	0	0	0	0	0	0	0	0	1.4673	0	0	0	0	0	0	2.166	0	0	1.9261	0	0	0	0	0	0	0	0	0	0	1.1643	2.9394	0	0	0	0	0	0	0	0	0	0	0	0	1.0706	0	0	0	0	0	0	0	0	0	0	0	0	0	2.1086	1.2792	0	0	0	0	0	0	0	0	0	0	0	0	1.3725	1.9454	0	0	0	0	0	0	0	0	0	0	0	0	0
0	0	0	0	0	0	0	0	0	1.8223	0	0	0	0	2.3277	2.5041	0	0	0	0	2.8252	2.8174	0	0	0	0	0	0	0	2.166	0	0	0	0	0	0	0	0	0	0	0	0	0	0	0	0	0	0	0	1.194	0	0	2.7048	0	0	0	0	0	0	0	0	0	0	0	0	0	0	0	0	0	0	0	0	2.0495	0	0	0	0	0	0	0	0	0	2.5517	0	0	0	0	0	0	0	0	2.9437	0	0	0	0	0	0	0
0	0	0	0	0	0	0	0	0	1.8223	0	1.5842	0	0	0	0	0	0	0	0	0	0	0	2.2941	0	0	0	0	0	0	1.2385	0	0	0	2.5131	0	0	0	0	0	2.6867	0	0	0	0	0	0	0	0	0	0	0	0	0	0	0	0	0	0	0	0	0	0	0	1.3608	0	0	0	1.1872	0	0	0	0	0	1.7934	0	0	0	0	0	0	0	1.6195	0	0	0	0	0	0	0	0	0	0	0	0	0	0	0	1.8733	0
0	1.131	0	0	0	0	0	0	0	0	0	0	0	0	2.3277	2.5041	0	0	0	0	2.8252	0	0	0	0	0	0	0	0	0	0	0	0	0	0	0	0	0	0	0	0	0	0	0	0	0	0	0	0	0	0	0	0	2.8535	0	2.7535	0	0	0	0	0	0	0	0	0	0	0	2.0177	0	0	0	0	0	0	0	2.8891	0	0	0	0	0	1.7341	0	0	0	1.3725	0	0	0	0	0	2.3717	0	0	0	0	0	0	0	0
0	1.131	2.5718	0	0	0	0	0	0	0	0	0	0	0	0	0	0	0	0	0	0	0	0	2.2941	0	0	0	2.4484	0	0	0	0	1.9261	1.0163	0	0	0	0	0	0	0	0	0	0	0	0	0	0	0	0	0	0	0	0	1.7552	0	0	1.0706	0	0	0	0	0	0	0	0	0	0	0	0	0	0	0	0	0	0	2.758	0	2.7899	0	0	0	0	0	0	0	0	0	0	0	0	0	0	0	0	0	0	1.9924	0	0
0	0	0	0	0	2.9164	0	2.298	0	1.8223	0	1.5842	0	0	0	0	0	0	0	0	0	0	0	0	0	0	0	0	0	0	0	0	0	0	0	0	0	1.7964	0	2.6182	0	0	0	0	0	0	0	0	0	0	0	0	0	2.8535	0	0	0	0	0	0	0	0	0	0	0	0	0	0	0	2.3731	0	0	0	0	0	2.8891	0	2.5921	0	0	0	0	0	0	0	0	0	0	0	0	0	2.3717	0	0	0	0	0	0	0	0
0	0	0	0	0	0	0	0	0	0	0	0	0	0	0	0	0	0	0	1.6989	2.8252	2.8174	0	0	0	0	0	0	0	0	0	0	0	0	0	2.2451	0	0	0	0	0	0	0	0	0	0	0	0	0	0	2.9284	0	0	0	0	0	0	0	0	0	0	0	2.3163	0	0	0	0	0	0	0	0	0	0	0	0	0	0	0	2.7899	2.9554	0	0	0	0	0	0	1.9454	0	0	0	0	0	0	0	0	0	2.8575	0	1.8733	0
0	0	0	0	0	0	0	2.298	0	0	0	0	1.864	0	0	0	0	0	0	0	0	0	0	0	1.4563	0	0	0	0	0	0	0	0	1.0163	0	0	0	0	0	0	0	1.9087	2.3004	1.1643	0	2.2267	0	0	0	0	0	0	0	0	0	0	0	0	0	0	0	0	0	0	0	0	0	0	0	0	0	0	0	0	0	0	0	0	0	2.9554	0	0	1.6195	0	0	1.3725	0	0	0	0	0	0	0	0	0	0	0	0	0	0
0	0	0	0	0	0	0	0	0	0	0	0	0	0	0	0	0	0	0	1.6989	0	0	0	0	0	0	0	0	2.7892	0	0	0	1.9261	0	0	0	0	0	0	0	2.6867	0	0	0	0	2.2267	0	0	0	0	0	2.9178	0	0	0	0	0	1.0706	0	0	0	0	0	2.3249	0	0	0	2.0177	0	0	0	0	0	0	0	0	0	0	0	0	1.6654	0	0	0	0	1.3725	0	0	0	0	0	0	0	0	0	0	0	0	0	0
0	0	0	0	0	0	0	0	0	1.8223	2.1647	0	0	0	0	0	0	0	0	1.6989	2.8252	0	0	0	0	0	0	0	0	0	0	2.0977	0	0	0	0	0	0	0	0	0	0	0	0	0	0	0	0	0	0	0	0	0	0	0	0	0	0	0	0	0	0	0	0	0	0	0	0	0	0	0	0	0	0	0	0	0	0	2.7899	2.9554	0	1.7341	1.6195	2.5517	0	0	0	0	0	0	0	0	0	0	0	0	2.8575	0	0	0
0	0	0	0	0	0	0	0	0	0	0	0	0	0	0	0	0	0	0	1.6989	0	2.8174	1.4673	0	0	0	0	0	2.7892	0	0	2.0977	0	0	0	0	0	0	0	0	0	0	0	0	0	0	0	0	0	0	0	0	0	0	1.7552	0	0	0	0	0	0	0	0	2.3249	0	0	0	0	0	2.3731	0	0	0	0	0	0	0	2.5921	0	0	0	0	1.6195	0	0	0	0	0	0	0	0	0	0	2.3312	0	0	0	0	0	0
0	0	0	0	0	0	0	0	0	0	0	0	1.864	0	2.3277	0	0	0	0	0	0	0	0	0	0	0	0	0	0	0	1.2385	0	0	0	0	0	0	0	0	0	0	0	0	0	0	0	0	0	0	0	2.9284	2.9178	0	0	0	0	0	1.0706	0	0	0	0	2.3163	0	0	0	0	0	1.1872	0	0	0	0	0	1.7934	0	0	0	0	0	0	0	0	2.5517	0	0	0	0	0	0	0	0	0	0	0	0	0	1.9924	0	0
0	1.131	0	0	0	0	0	0	0	0	0	0	0	0	0	0	0	0	0	0	0	0	0	0	0	0	0	0	0	0	1.2385	0	0	0	0	0	2.6046	1.7964	0	0	0	0	0	0	0	0	0	0	0	0	0	0	0	0	0	2.7535	0	0	0	1.4222	0	0	0	0	0	0	0	0	0	2.3731	0	0	0	0	0	0	0	0	0	0	1.6654	0	0	0	1.4535	0	0	0	1.3325	2.1268	0	0	0	0	0	0	0	0	0	0
0	1.131	0	0	0	0	0	0	0	0	0	0	0	0	0	2.5041	0	0	0	0	0	0	0	0	1.4563	0	0	0	0	2.166	0	0	0	0	0	0	0	0	0	0	0	0	0	0	2.9394	0	0	2.3975	2.2128	0	0	2.9178	0	0	0	0	0	1.0706	0	0	0	0	0	0	0	0	0	0	0	0	0	0	0	0	0	0	0	0	0	0	0	1.7341	0	0	0	1.3725	0	0	0	0	0	0	0	0	0	0	0	0	0	0
0	0	0	0	0	0	0	0	0	0	0	0	0	2.186	0	2.5041	2.4509	0	0	0	0	0	0	0	0	0	0	0	0	0	0	2.0977	0	0	0	2.2451	0	0	0	0	0	0	0	0	2.9394	0	0	0	0	0	0	2.9178	0	2.8535	0	0	0	0	0	0	0	0	0	0	0	0	0	0	0	2.3731	0	0	0	0	0	0	0	0	0	0	0	0	0	0	0	1.3725	1.9454	0	0	0	0	0	0	0	0	0	0	0	0	0
0	0	0	0	0	0	0	0	0	0	0	0	0	0	0	0	0	0	2.1638	0	0	0	0	0	0	0	1.1569	0	2.7892	0	0	0	0	0	0	0	2.6046	0	0	0	0	0	0	0	0	0	0	0	0	0	0	0	0	0	1.7552	0	0	0	0	0	0	0	0	0	1.3608	0	0	0	0	0	1.1798	2.1086	0	0	0	0	0	0	0	0	0	0	0	0	0	0	0	1.7304	0	0	0	0	0	0	2.0586	1.0649	0	0	0	0
0	0	0	0	0	2.9164	0	0	0	0	0	0	0	0	0	2.5041	0	0	0	0	2.8252	0	0	2.2941	0	0	0	0	2.7892	0	0	0	0	0	0	0	0	0	0	2.6182	0	0	0	0	0	0	0	0	0	1.194	0	0	0	0	0	0	2.0571	0	2.6639	0	0	0	0	0	0	0	0	0	0	0	0	0	0	0	1.7934	0	0	0	0	0	0	0	0	0	0	0	0	0	1.3325	0	0	0	0	0	0	0	0	0	0	0
0	0	0	0	0	2.9164	0	0	0	0	0	0	0	0	0	0	0	0	0	0	0	0	0	0	0	0	1.1569	0	0	0	0	0	1.9261	0	0	0	0	0	2.4054	0	0	0	0	0	0	0	2.3046	0	0	0	0	2.9178	0	0	0	0	0	0	0	0	0	0	2.3163	0	0	0	0	0	0	0	0	0	0	2.0495	0	0	0	0	0	0	0	0	0	0	0	0	0	0	1.3325	2.1268	0	0	0	0	2.0586	0	0	0	0	0
0	0	0	0	0	0	0	0	0	0	0	0	0	0	0	0	0	0	0	0	0	0	0	0	0	0	0	0	0	2.166	0	0	1.9261	0	2.5131	0	0	0	0	0	0	0	0	0	0	0	0	2.3975	0	0	0	0	0	0	1.7552	0	2.0571	0	0	0	0	0	0	0	0	0	2.2603	0	0	0	0	0	0	0	0	0	0	2.5921	0	0	0	0	0	0	0	0	0	1.7304	0	0	2.9198	0	0	0	0	0	0	1.9924	0	0
0	0	0	0	0	0	0	0	0	0	0	0	1.864	0	0	0	0	0	0	0	0	0	0	2.2941	0	0	1.1569	0	0	0	0	2.0977	0	0	0	0	0	0	0	0	0	0	0	0	0	0	2.3046	0	0	0	0	0	0	0	0	0	0	0	0	1.4222	0	0	0	0	0	0	2.2603	0	0	0	0	0	0	0	1.7934	0	0	0	0	0	0	0	0	0	0	0	0	0	0	0	0	2.3717	2.9437	0	0	0	0	1.9924	0	0
2.4649	0	0	0	0	0	0	0	0	0	0	0	0	0	0	2.5041	0	1.5835	0	0	2.8252	0	0	0	0	0	0	2.4484	0	0	0	0	0	0	0	0	0	0	0	0	0	1.9087	0	0	0	0	0	2.3975	0	0	0	0	0	0	0	0	0	0	0	0	0	0	0	0	0	2.0372	0	0	0	0	1.1798	0	0	0	0	0	0	0	0	0	0	0	0	0	0	0	0	0	0	0	0	0	2.9437	2.3312	0	0	0	0	0	0
0	0	0	0	2.2478	0	0	0	0	0	0	0	1.864	0	0	0	0	0	0	0	0	0	0	0	0	0	0	0	0	0	0	0	0	0	0	0	0	0	0	0	2.6867	0	0	0	0	2.2267	0	0	0	0	0	0	0	0	0	0	0	0	0	0	0	0	0	0	0	2.0372	0	0	0	0	0	0	0	0	0	2.8891	0	0	0	0	0	0	0	0	0	0	0	0	0	0	2.9198	0	0	2.3312	0	1.0649	0	1.9924	1.8733	0
0	0	0	0	0	0	0	0	0	0	0	0	0	0	0	0	0	0	0	0	0	2.8174	0	0	0	0	0	0	0	0	0	0	0	0	0	0	0	0	2.4054	0	0	1.9087	2.3004	0	0	0	2.3046	2.3975	0	0	0	0	0	0	0	0	0	1.0706	0	0	0	0	0	2.3249	0	0	0	0	0	0	0	0	0	0	0	0	0	0	0	0	0	0	0	0	0	0	0	0	1.3325	0	2.9198	0	0	0	2.0586	0	0	0	0	0
0	1.131	0	0	0	0	0	0	0	0	0	1.5842	1.864	0	0	0	0	0	0	0	0	0	0	0	0	0	0	0	0	2.166	0	0	0	1.0163	0	0	0	0	0	0	0	0	0	0	2.9394	0	0	0	0	0	0	0	0	0	0	0	0	0	0	1.4222	0	0	0	0	0	0	0	2.0177	0	0	0	2.1086	0	0	0	0	0	0	0	0	0	0	0	0	0	0	0	1.7304	0	0	0	0	0	0	0	1.0649	0	0	0	0
0	0	0	0	0	0	0	0	0	0	0	0	0	0	0	0	0	0	0	1.6989	0	0	0	0	0	1.2979	0	0	0	0	1.2385	0	0	0	0	0	0	0	0	2.6182	0	0	0	0	0	0	0	0	0	0	2.9284	0	2.7048	0	0	0	0	0	0	0	0	1.7825	0	2.3249	0	0	0	0	0	0	0	0	0	0	0	0	0	0	0	0	0	1.7341	0	0	0	1.3725	0	0	0	0	0	0	0	0	0	0	2.8575	0	0	0
0	1.131	0	0	0	0	0	0	1.7475	0	0	0	0	2.186	0	0	0	0	0	1.6989	0	0	0	0	1.4563	0	1.1569	0	0	0	0	0	0	0	0	0	2.6046	0	0	2.6182	0	0	0	0	0	0	0	0	0	0	0	0	0	0	0	0	0	0	0	0	0	0	0	0	0	0	0	0	0	0	0	0	0	2.0495	0	0	0	0	0	0	1.6654	0	0	0	0	0	0	0	0	0	0	0	0	0	0	0	0	1.9924	0	0
0	0	0	0	0	0	0	2.298	0	0	2.1647	0	0	0	0	0	0	0	0	0	0	0	0	0	0	0	1.1569	0	0	0	0	0	0	0	0	0	0	0	0	0	0	0	0	0	0	0	0	0	0	0	0	2.9178	0	0	0	2.7535	0	1.0706	0	0	0	0	0	0	1.3608	0	0	0	0	2.3731	0	0	0	0	0	0	0	0	0	0	0	0	0	0	1.4535	0	0	0	0	0	0	2.3717	0	0	0	0	0	0	1.8733	0
0	0	0	1.818	0	2.9164	0	0	0	0	0	0	0	0	0	0	0	0	0	0	0	0	0	0	0	0	0	0	0	2.166	0	0	1.9261	0	0	0	0	0	0	0	0	0	0	1.1643	0	0	0	0	0	0	0	0	2.7048	0	0	0	0	0	0	0	1.9527	0	0	0	0	0	0	0	0	0	0	0	0	2.0495	0	0	0	0	0	0	0	0	1.6195	0	0	0	0	0	0	0	0	0	0	0	0	1.0649	0	0	0	1.3597
0.3053	0.0362	0.5306	0.4658	0.0802	0.9944	0.458	0.4979	0.9515	0.6942	0.1254	0.9439	0.5423	0.7303	0.1901	0.9134	0.5685	0.384	0.7498	0.2535	0.6842	0.446	0.9102	0.0126	0.8237	0.9792	0.7105	0.6372	0.6616	0.1743	0.5172	0.8006	0.0658	0.3666	0.0597	0.3076	0.4813	0.0925	0.7375	0.197	0.6921	0.2872	0.2798	0.6468	0.4381	0.1931	0.7872	0.5753	0.858	0.9871	0.9221	0.8126	0.0627	0.8754	0.2222	0.675	0.2735	0.6899	0.5565	0.8786	0.8213	0.152	0.19	0.3285	0.2163	0.3731	0.4875	0.6745	0.0332	0.9746	0.9473	0.3516	0.8988	0.3227	0.9189	0.3455	0.0299	0.8555	0.6417	0.2501	0.9079	0.4288	0.0778	0.2883	0.6534	0.0062	0.2379	0.676	0.0959	0.6642	0.4922	0.2791	0.8744	0.6652	0.4153	0.1515	0.4671	0.8452	0.5442	0.2363
0.3320212181575013 0.6962600344636639 0.5039628692039055 0.3530542347136799 0.4654167976600241 0.20233415243324782 0.21282513416604554 0.8073270085443618 0.4388951235606652 0.2513491825268618 0.07715141774936296 0.24417134829265397 0.7235206562055904 0.15031147026701897 0.12414039669452726 0.7403252705159067 0.22024084110583741 0.37078565653672535 0.06378966160494748 0.8459012762532654 0.6404299195956152 0.43757522111723623 0.3008391206626553 0.14702600880394023 0.22630153869971292 0.40922736377208413 0.9630762313038032 0.10820788697936023 0.8424490464766335 0.6691604802137643 0.2877177953951636 0.9717701941425546 0.9003762534471285 0.0928504921639024 0.1699689422022812 0.4705500524404762 0.5972289539830998 0.24049202258961166 0.10984143014010594 0.9475594365583266 0.7716775952867506 0.5946106923822709 0.8405958996508163 0.7632859994660104 0.1080264525319008 0.7418161566469986 0.46520547002581625 0.09479829799865591 0.9108922073304841 0.27997165177782257 0.6716263200229661 0.9769493252579885 0.15913617527348167 0.5982567199987558 0.7486111220892799 0.02223810468562626 0.34252051672756423 0.6555628293700495 0.7885854529393209 0.14476606988941498 0.263754294907535 0.4229631962315368 0.7482218601401331 0.972550969013535 0.27827892805347276 0.1836482496807389 0.5086659656304391 0.5682290673054009 0.684814028538335 0.7973971912370935 0.38722439460937386 0.9499950301466005 0.386491528040279 0.9400188156727112 0.41267609179512765 0.11783759151634543 0.3607994326644526 0.49651899864478577 0.652206749897188 0.4820475327300281 0.4359636665816147 0.612463351326168 0.8556897169654941 0.05979641108986966 0.5700118085455659 0.30726701391063793 0.1962784626388162 0.2524922131862122 0.2426884398867426 0.551888306025524 0.9681217435332363 0.32291654428047456 0.8215342708505918 0.5085435582198277 0.028476119266754196 0.5785143116550799 0.024795143102473882 0.824069252855927 0.7924065856723562 0.42120461295720146 
