100
100
1	0	0	0	0	0	0	0	0	0	0	0	0	0	0	0	0	0	0.6626	0	0	0	0.2613	0	0	0	0	0	0	0	0	0.6525	0	0	0	0.4538	0	0	0	0.1128	0	0	0.569	0	0.6426	0	0	0	0	0	0	0	0	0	0	0	0	0	0	0	0	0	0	0.8536	0	0	0	0	0	0	0	0	0	0	0	0	0	0	0	0	0	0	0	0	0	0	0	0	0	0	0	0.1235	0	0	0	0	0	0	0.7926	0
0	1	0	0	0	0	0	0	0	0	0	0	0.1673	0	0	0	0	0	0	0	0	0	0	0	0	0	0	0.3176	0	0	0	0	0	0	0	0	0	0	0	0	0	0	0.6436	0	0	0	0	0	0.0376	0	0	0	0	0	0	0.0281	0	0	0	0	0	0	0	0.3477	0	0	0	0	0	0.9018	0	0	0	0	0	0	0	0	0.9754	0	0	0	0.0612	0	0	0	0	0	0	0	0	0	0	0	0	0	0	0	0.0836	0
0	0	1	0	0	0	0	0	0.9093	0	0.7992	0	0.355	0	0	0	0	0	0	0	0	0	0	0	0	0	0	0	0	0	0	0	0.4932	0	0	0	0.4022	0	0	0	0	0	0	0	0	0	0	0	0.5763	0	0	0	0.6145	0	0	0	0	0	0	0	0	0	0	0	0	0	0	0	0	0	0.3443	0.5717	0	0	0	0	0	0	0	0	0	0	0	0	0	0	0	0.5279	0	0	0	0	0	0	0	0	0	0	0	0
0	0	0	1	0	0	0	0	0	0	0	0	0	0	0	0	0	0	0	0	0	0.1024	0	0	0	0	0	0	0	0	0	0	0	0	0	0	0	0	0	0	0.0126	0	0	0	0.2556	0	0.695	0	0	0	0	0	0.8536	0.1812	0	0	0	0	0	0	0	0	0	0.4396	0	0	0	0	0	0	0	0	0	0	0	0	0.3045	0	0	0	0	0	0	0.6582	0	0	0	0.1378	0	0	0	0	0	0	0	0	0	0	0	0
0	0	0	0	1	0.8131	0	0	0	0	0	0	0	0	0	0	0	0	0	0	0	0	0	0	0.3604	0	0.7963	0	0	0	0	0	0	0	0	0	0	0	0.9467	0	0	0	0	0	0	0	0	0	0	0	0	0	0	0	0	0	0	0	0	0.491	0	0	0	0	0	0	0	0	0	0	0	0	0	0	0.999	0	0.9359	0	0.8668	0	0	0	0	0.668	0	0	0	0	0.2097	0	0	0	0	0	0	0	0	0	0	0
0	0	0.5325	0	0	1	0	0	0	0	0	0	0	0	0	0	0	0	0	0	0	0	0	0	0	0	0	0	0	0.2457	0	0	0	0	0	0	0	0	0	0	0	0	0	0	0	0	0	0	0.9552	0	0	0	0	0	0	0	0	0.2032	0	0	0	0.5484	0	0	0	0	0	0	0.8459	0	0	0	0	0	0	0	0	0	0.4167	0.6628	0	0	0	0	0	0	0	0.2116	0	0.7682	0	0	0	0	0	0	0	0	0	0
0	0	0	0	0	0	1	0.9249	0	0	0	0	0	0	0	0	0.2369	0	0	0	0	0	0	0.5754	0	0	0.5527	0	0	0	0	0	0	0	0	0	0	0	0	0.9986	0	0	0	0	0	0	0	0	0	0	0	0	0	0	0	0	0	0	0	0	0	0	0	0	0	0	0	0	0	0	0	0	0	0	0	0	0	0	0	0	0	0	0	0	0	0	0.503	0	0	0	0	0	0.1327	0.2748	0	0.5883	0	0	0.8959	0
0	0	0	0	0	0	0	1	0.2466	0	0	0	0	0	0.68	0	0	0	0	0	0	0	0	0	0	0	0	0.2679	0	0	0	0	0.3674	0	0	0	0	0	0	0	0	0.2965	0	0	0	0	0	0	0	0	0	0	0	0	0	0	0	0	0	0	0	0	0	0	0	0	0	0	0	0	0	0	0	0	0	0.0616	0.1017	0	0.4921	0	0	0	0	0	0	0	0	0.0199	0	0.8388	0	0	0	0	0	0	0	0	0	0
0	0	0	0	0	0	0	0	1	0	0	0	0	0	0	0	0	0	0	0	0.4318	0	0	0	0	0	0	0	0	0	0	0	0	0	0	0	0.695	0	0	0	0	0	0	0	0	0	0	0	0	0	0	0	0	0	0	0	0	0	0	0	0	0.0233	0.009	0.0157	0	0	0	0.495	0	0	0.8367	0	0	0	0	0	0	0	0	0	0.0675	0	0	0	0	0	0	0	0	0.1454	0	0	0	0	0	0	0	0	0.0742	0
0	0.0026	0	0	0	0	0	0	0	1	0.505	0	0	0	0	0	0	0	0	0	0	0	0	0	0.6281	0	0.0861	0	0	0	0	0	0	0	0	0	0	0	0	0	0	0	0.9369	0	0	0	0	0	0	0	0	0	0	0	0	0.959	0	0	0.5138	0	0	0.1954	0	0	0	0	0	0	0	0	0	0	0	0	0	0	0	0	0	0	0	0.2734	0	0	0	0	0	0	0	0	0	0	0	0	0	0	0.7523	0	0	0
0	0	0	0	0	0	0	0	0	0	1	0	0	0	0	0	0	0	0	0	0.217	0	0	0.6094	0	0	0	0	0	0	0	0	0	0	0	0	0	0	0	0	0	0	0.2651	0	0	0	0	0	0.9592	0.1088	0	0	0	0	0	0	0	0	0	0	0	0	0	0	0	0.4159	0	0	0	0	0.2443	0	0	0	0	0	0	0	0	0	0	0	0	0.3303	0	0.5956	0	0	0.7882	0	0	0	0	0	0	0	0	0	0	0
0	0	0.5864	0	0	0	0	0	0	0	0	1	0	0	0	0	0	0	0	0	0.6663	0.9099	0	0	0	0	0	0.8059	0	0	0.293	0	0	0	0	0	0.1734	0	0	0	0	0	0	0	0.4719	0	0	0	0	0	0	0	0	0	0	0	0	0	0	0	0	0	0	0.6881	0	0	0	0	0	0	0	0	0	0	0	0	0	0	0	0	0	0	0	0	0	0	0	0	0	0	0	0	0	0	0.8497	0	0	0	0.28	0
0	0	0	0	0	0	0	0	0.2616	0	0	0	1	0.8479	0	0	0	0	0	0	0	0	0	0.2408	0	0	0	0	0	0	0	0	0.4749	0	0	0	0	0	0	0	0	0	0	0	0	0	0	0	0	0	0	0	0	0	0	0	0.5877	0	0	0	0	0	0	0	0	0	0	0	0	0	0	0	0.1241	0	0	0	0.4261	0	0	0	0	0	0	0	0.3201	0	0	0	0	0	0	0	0	0	0	0	0.9827	0.0476	0	0
0.9048	0	0	0	0.315	0	0	0	0	0	0	0	0	1	0	0	0	0	0	0	0	0	0	0	0	0	0	0	0	0	0	0	0	0	0	0.1387	0	0.0862	0	0	0	0	0	0	0	0	0	0.8299	0	0	0	0	0	0	0	0	0	0	0	0	0	0	0	0	0	0	0	0	0	0	0	0	0.515	0	0.6264	0	0	0	0	0.6709	0	0	0	0	0	0.09	0	0	0	0	0	0	0	0	0	0	0	0	0	0.3596
0	0	0	0	0	0	0	0	0	0	0	0	0	0	1	0	0	0	0	0	0	0	0.5754	0	0	0	0.8662	0	0	0	0	0	0	0.8379	0	0	0	0	0	0	0	0	0	0	0	0.8318	0	0	0	0	0.6834	0	0	0	0	0.0462	0	0	0	0.7965	0	0	0	0	0	0	0	0	0	0	0	0	0	0	0	0	0	0	0	0	0	0	0	0	0	0	0	0.5085	0	0	0	0	0.329	0	0	0.9354	0	0	0	0
0	0	0.8098	0	0	0	0	0	0.8442	0	0	0	0	0	0	1	0	0	0	0	0	0	0	0.3485	0	0	0	0	0	0	0	0	0	0	0	0	0	0	0	0	0	0	0	0	0	0	0	0	0	0.9139	0	0	0	0	0	0	0	0	0	0	0	0	0.3974	0	0.3023	0.4306	0	0	0	0	0	0	0	0	0	0	0	0	0	0	0	0.7668	0	0	0	0	0	0	0	0	0	0	0	0	0	0.6167	0	0	0	0.5016
0	0	0	0	0	0	0	0	0	0	0	0	0	0	0.9607	0	1	0	0	0	0	0	0	0	0	0	0	0	0	0	0	0	0	0	0	0	0	0	0	0	0	0.7006	0	0	0	0	0	0	0	0	0	0	0	0	0	0	0	0.7116	0	0	0	0	0.5688	0	0	0	0	0	0.9578	0	0	0.0885	0	0.7446	0	0	0	0	0	0	0	0	0	0	0	0	0	0	0.0425	0	0.9614	0.1496	0	0	0	0	0	0	0	0
0	0.6206	0	0	0	0	0	0	0	0	0	0	0.2349	0	0	0	0	1	0	0.3764	0	0	0	0	0	0	0.0865	0	0	0	0	0.6784	0	0	0	0	0	0	0	0	0	0	0	0	0	0	0	0	0	0	0	0	0	0	0	0	0	0	0	0	0.618	0	0	0	0	0	0	0	0	0	0	0	0	0	0.1384	0.6714	0	0	0	0	0	0	0	0	0	0	0	0	0	0	0	0.8423	0	0	0.7521	0	0	0	0	0
0	0	0	0	0	0	0.7254	0	0.5311	0	0	0	0.917	0.5624	0	0	0	0.4313	1	0	0	0	0	0	0	0	0	0	0	0	0	0	0	0	0	0	0	0	0	0	0	0	0	0	0	0	0	0	0	0.1184	0	0	0.6612	0	0.9673	0	0	0	0	0	0	0	0	0	0	0	0	0	0	0	0	0	0	0	0	0	0	0	0	0	0	0	0	0	0	0.9993	0	0	0	0	0	0	0	0	0	0	0.6951	0	0	0
0	0	0	0.9077	0	0	0	0	0	0	0	0	0	0	0	0	0	0	0.464	1	0	0	0	0	0	0	0	0	0	0	0	0	0	0	0	0	0	0	0.9945	0.6381	0	0	0	0	0	0	0	0.9606	0.2808	0	0	0	0	0	0	0	0	0	0.102	0	0	0	0	0	0	0	0	0	0	0.0132	0	0	0	0	0	0	0	0	0.1777	0	0	0	0	0	0	0	0	0	0	0	0	0	0	0	0	0	0	0.2727	0	0
0	0	0	0	0	0	0	0	0	0	0	0.1757	0	0.9325	0	0	0	0	0.1713	0	1	0	0	0.2039	0	0.327	0	0	0	0	0	0	0	0	0	0	0	0.6943	0	0	0	0	0.4456	0.1612	0	0	0	0	0	0.1651	0	0	0	0	0	0	0	0	0	0	0	0	0	0	0	0	0	0	0	0	0	0	0	0	0	0	0	0	0	0	0	0	0	0	0	0	0	0.3239	0	0	0	0	0	0	0	0	0	0	0	0
0	0	0	0	0	0	0	0	0	0	0	0	0	0	0	0	0	0	0	0	0	1	0.9938	0	0	0	0	0	0	0	0	0	0	0	0	0	0	0	0	0	0	0	0.7029	0	0	0	0	0	0	0	0	0	0.8979	0	0	0	0	0	0	0	0.0303	0	0	0	0	0	0	0	0	0	0	0	0	0	0	0	0	0	0	0.4457	0	0	0	0	0	0.1383	0.2359	0	0	0	0	0.9219	0.6112	0	0	0	0	0	0	0.9884
0.9444	0.5262	0	0	0	0	0	0	0	0	0	0	0	0	0	0	0.4217	0	0	0	0	0	1	0.3149	0	0	0	0	0	0	0	0	0	0	0	0	0	0	0	0	0	0	0	0	0	0	0	0.5801	0	0	0	0	0	0	0	0	0	0	0	0.0187	0.6013	0	0.8986	0	0	0	0.6423	0	0	0	0	0	0	0	0	0	0	0.6897	0	0	0	0	0	0	0	0	0	0	0	0	0	0	0	0	0	0	0	0	0	0
0	0	0	0	0	0	0	0	0	0	0	0	0	0	0.8296	0	0	0	0	0	0	0	0	1	0	0.2948	0.1316	0	0	0	0	0	0	0	0	0	0.4574	0	0.0712	0	0	0	0	0	0	0	0	0.614	0	0	0	0	0	0	0	0	0	0	0.8086	0	0	0	0	0	0	0	0	0	0	0	0	0	0	0	0.5901	0.0721	0	0	0	0	0	0	0	0	0	0	0	0	0	0	0	0	0	0	0	0	0	0	0.8896	0
0	0	0	0	0	0	0	0	0	0.3386	0	0	0	0	0	0	0	0	0	0	0.897	0	0	0	1	0.3172	0.5464	0	0	0	0	0	0	0	0	0	0	0	0	0	0	0	0	0	0	0	0	0	0	0	0	0	0	0	0	0.3649	0	0	0.0222	0	0	0	0	0	0	0	0	0	0.6758	0	0	0	0	0	0	0	0	0	0	0	0	0	0.8605	0	0	0	0	0.7245	0	0	0	0	0	0	0	0	0	0	0	0.6719
0	0	0	0	0	0	0	0	0	0	0.8915	0	0	0	0	0	0	0	0	0	0	0	0	0	0	1	0	0	0	0	0	0	0.9077	0	0	0	0	0	0.6259	0	0.5365	0	0	0	0	0.4327	0	0	0	0	0	0	0	0	0	0.4553	0	0	0.5432	0	0	0	0	0	0	0.6344	0	0	0	0	0	0.0701	0	0	0	0	0	0	0	0.3256	0	0	0	0	0	0	0	0	0	0	0	0	0	0	0	0	0	0	0	0
0	0	0	0	0	0	0	0	0	0	0	0.3905	0	0	0	0	0	0	0	0	0	0	0	0	0	0	1	0.2536	0	0	0	0	0.9074	0	0	0	0	0.1633	0	0	0	0.4522	0	0	0	0	0.3417	0	0	0	0	0	0	0	0	0	0	0	0	0	0.6567	0	0	0	0	0	0	0	0	0	0	0	0	0	0	0	0	0	0	0.7935	0	0	0	0	0	0	0	0	0	0	0.9135	0	0	0	0	0	0	0	0.2959	0
0	0	0	0	0	0	0	0	0	0	0.4853	0.0724	0	0	0	0	0	0	0	0	0	0	0	0	0	0	0	1	0	0	0	0	0	0	0	0	0	0	0	0	0	0	0	0.2722	0	0.5647	0	0	0	0	0	0	0	0	0	0.1738	0	0	0	0	0	0	0	0	0	0	0	0	0	0	0	0	0	0	0	0	0	0	0	0	0	0	0.5016	0	0.7534	0	0	0.8081	0	0	0	0	0	0	0	0	0.9144	0	0.4431	0
0	0	0.0068	0	0.4357	0	0	0	0	0	0	0.7323	0	0	0	0	0	0.141	0	0	0	0	0	0	0	0	0	0	1	0	0	0	0	0	0	0	0.8218	0	0	0.1277	0	0	0	0.6633	0	0	0	0	0	0	0	0	0	0.2421	0	0	0	0	0	0	0	0	0	0	0	0	0	0	0.7296	0	0.6777	0	0	0	0	0	0	0	0	0	0	0	0	0	0	0	0	0	0	0	0	0	0	0	0	0	0	0	0	0
0	0	0	0	0	0	0	0.5788	0	0	0	0	0.5385	0	0	0	0	0	0	0	0	0	0	0	0	0	0	0	0	1	0.0331	0	0	0	0	0	0	0	0	0.7528	0	0	0.7058	0	0	0	0	0	0	0	0	0	0	0.8962	0	0	0	0	0	0	0	0	0	0	0	0	0	0.8664	0	0	0	0	0	0	0.9563	0	0	0	0	0	0	0	0	0	0	0	0	0	0	0	0	0	0.3772	0	0	0	0	0	0.679	0
0	0	0	0	0	0	0	0	0	0	0	0	0	0	0	0	0	0	0	0	0	0	0	0.4914	0	0	0	0	0	0.6046	1	0	0	0	0	0	0	0	0.8048	0	0	0.8954	0.5334	0	0	0	0	0	0	0	0	0	0	0	0	0	0	0	0	0	0	0.8036	0	0	0	0	0.3467	0	0.4648	0	0	0	0	0	0	0.0479	0	0	0	0	0	0	0	0	0	0	0	0.0726	0	0	0	0	0	0	0	0	0	0	0	0
0	0	0	0	0	0	0	0	0	0	0	0	0	0	0	0	0	0	0.853	0.6398	0	0	0	0	0.4172	0	0	0	0	0	0	1	0	0	0	0	0	0	0	0	0	0	0	0	0	0	0	0	0	0	0	0.1824	0	0	0	0	0	0	0	0.1354	0	0	0	0	0.7937	0	0	0	0	0	0	0	0	0	0	0	0	0	0	0	0	0	0	0	0.3716	0	0	0	0	0	0.6556	0	0	0	0.5098	0	0	0	0.3756	0
0	0	0	0	0	0	0.2019	0.9733	0	0	0	0	0	0	0	0	0	0	0	0	0	0	0	0	0	0.4634	0.1123	0	0	0	0.6585	0	1	0	0	0	0	0	0	0	0	0	0	0	0	0	0	0	0.9328	0	0	0.4636	0	0	0	0	0	0	0	0	0	0	0	0	0	0	0	0	0	0	0.9691	0	0	0	0	0.3625	0	0	0	0	0	0	0	0	0	0.2813	0	0	0	0	0	0	0	0	0	0	0	0	0	0
0	0	0	0	0	0.4443	0	0.8422	0	0	0	0	0	0	0	0	0.9598	0	0.6029	0.4052	0.0369	0	0	0	0	0.1376	0	0	0	0	0	0	0	1	0	0	0	0	0	0	0	0	0	0	0	0	0	0	0	0	0	0	0	0	0	0	0	0	0	0	0	0	0	0	0	0	0	0	0	0	0	0	0	0	0	0	0.0355	0	0	0	0	0	0	0	0	0	0.8997	0	0	0	0	0	0	0	0.7908	0	0	0	0	0
0	0	0	0	0	0	0	0	0	0	0.6943	0	0	0	0	0.7168	0	0	0	0	0	0	0	0	0	0	0	0	0.5956	0	0	0	0	0	1	0	0	0	0	0	0	0	0.0001	0	0	0	0	0	0.0316	0	0	0	0	0	0	0	0	0	0.0422	0	0.9467	0	0	0	0	0	0	0	0	0	0	0	0	0	0	0	0.0402	0	0	0	0	0	0	0	0	0	0.8103	0	0	0	0	0	0.31	0	0	0	0	0	0	0
0	0	0	0	0	0	0	0	0	0.6264	0	0	0	0	0.7473	0	0.9144	0	0	0	0	0	0	0	0	0	0	0	0	0	0	0	0	0	0.779	1	0.5695	0.287	0	0	0	0	0	0	0	0	0	0	0	0	0	0	0	0	0	0	0	0	0	0	0	0.9979	0	0	0	0	0	0	0	0	0	0	0	0	0	0	0	0	0.9208	0	0	0	0	0	0	0.8098	0	0	0.1675	0	0	0	0	0	0	0	0	0	0	0
0	0	0	0	0	0	0	0	0	0	0.9515	0	0	0	0	0	0.1092	0.9796	0	0	0	0	0	0.0084	0	0	0	0	0	0	0	0	0	0	0	0	1	0	0	0.9503	0	0	0	0	0	0	0.1239	0	0.7524	0	0	0	0	0	0	0	0	0	0	0	0	0	0	0	0	0	0	0	0	0	0	0	0	0	0	0	0	0	0.7045	0	0	0	0	0	0	0	0	0	0	0	0	0	0	0.2831	0	0.8217	0	0	0	0
0	0	0.348	0	0	0	0	0	0	0	0	0	0	0	0	0	0	0	0	0	0	0	0	0	0	0	0	0	0	0	0	0	0	0	0	0	0	1	0.6312	0	0	0	0.9124	0.1069	0	0	0.6514	0	0	0	0	0	0	0	0	0	0	0	0	0	0	0	0	0	0	0	0	0	0	0	0	0	0.7403	0	0.3067	0	0	0	0	0	0	0	0	0.6266	0	0	0.9577	0	0	0	0	0	0	0	0	0	0.0384	0	0	0
0	0	0	0	0	0	0	0	0	0	0	0	0	0	0	0	0	0	0	0	0.058	0	0	0	0	0	0	0	0	0	0	0	0	0	0	0	0	0	1	0	0	0	0	0.0782	0.2158	0	0	0.5615	0	0	0	0.6035	0	0	0	0	0	0.2107	0.5002	0	0	0	0	0	0	0	0	0	0	0	0	0	0	0	0	0	0	0.1458	0	0	0	0	0	0	0	0	0.9601	0	0	0	0	0	0	0	0.313	0	0	0	0	0
0	0	0	0	0	0	0.4203	0	0	0	0	0	0	0	0	0	0	0	0	0.1628	0	0	0.2714	0	0	0	0	0	0	0	0	0	0	0	0	0	0.9205	0	0	1	0	0	0	0	0	0	0	0.6519	0	0	0	0	0	0	0	0.2105	0	0	0	0	0	0	0	0	0	0	0	0	0	0	0	0	0	0	0.6348	0	0	0	0.3682	0.9479	0	0	0	0	0	0	0	0	0	0	0	0	0	0	0.15	0	0	0	0	0
0	0	0	0	0	0	0	0	0	0	0	0	0	0	0	0	0	0	0	0	0	0	0	0	0	0	0	0	0	0	0	0	0	0	0	0	0	0	0	0	1	0	0	0	0	0	0	0	0	0.8023	0	0	0	0	0	0	0	0.2119	0	0.89	0.7265	0	0	0	0	0	0	0	0	0	0	0.925	0.2172	0	0	0.0168	0	0	0	0	0.4072	0	0	0	0	0	0	0	0	0	0	0.1164	0	0	0	0	0.862	0	0	0
0	0	0	0	0.574	0	0	0	0	0	0	0	0	0	0	0	0	0	0	0	0	0.9021	0	0	0	0	0	0	0	0	0	0	0	0	0	0	0	0	0	0	0	1	0.2995	0	0	0	0	0	0.8603	0	0	0	0	0	0	0	0	0	0	0	0	0	0	0	0	0	0	0	0	0.9451	0.328	0	0.6006	0	0	0	0	0	0	0	0	0	0	0	0	0.939	0	0	0	0	0	0	0	0	0	0	0	0.1153	0.8903	0
0	0	0	0	0.7046	0	0	0	0	0	0	0	0.8145	0	0.5543	0	0	0	0	0	0	0.073	0	0.7269	0	0	0	0	0	0	0	0.6054	0	0	0	0	0	0	0	0	0	0	1	0	0	0	0	0	0	0	0	0	0	0.3655	0	0	0	0	0	0	0	0	0	0	0	0	0	0	0	0	0	0	0.3453	0	0	0	0	0.3355	0	0	0	0	0	0	0	0	0	0.6986	0	0	0	0	0	0	0	0	0	0	0	0
0	0	0	0	0	0	0	0	0	0.3166	0	0	0	0	0	0	0	0	0	0.9422	0.9357	0	0	0	0	0	0	0	0	0	0	0	0	0.7836	0	0	0	0	0	0	0	0.5624	0	1	0	0	0	0	0	0	0	0	0	0.252	0	0	0	0.2247	0	0	0	0	0	0	0	0	0	0	0	0	0	0.752	0	0	0	0	0	0	0	0	0.0404	0	0.005	0	0	0	0	0	0	0	0	0	0	0	0	0	0	0	0	0
0	0	0	0.003	0	0	0	0	0	0	0	0.7102	0	0	0	0	0	0	0	0.5355	0	0	0	0	0	0	0.5773	0	0	0	0	0	0	0	0.3893	0	0.8078	0	0	0	0	0	0	0	1	0.0737	0.1548	0	0	0	0	0	0	0	0.3495	0	0	0	0	0	0	0	0	0	0	0	0	0	0	0	0	0	0	0	0	0.9181	0	0	0	0	0	0	0	0	0	0	0	0	0	0	0	0	0	0	0	0	0	0	0	0
0	0	0	0	0	0	0	0	0	0	0	0	0	0	0	0	0	0	0.1498	0	0	0	0	0	0	0	0	0.3163	0	0.9781	0	0.4058	0.0487	0	0	0	0	0	0	0	0	0	0	0	0	1	0	0	0.8734	0.2834	0	0	0	0	0	0	0	0	0	0	0	0	0	0	0	0	0	0	0	0	0.2487	0	0	0	0	0.1565	0	0	0	0	0	0	0	0	0	0	0	0	0	0	0	0	0	0.4447	0	0	0	0	0	0
0	0	0	0	0	0	0	0	0.4984	0	0	0	0	0	0	0	0	0	0	0	0.7904	0	0	0.7265	0	0	0	0	0	0	0	0	0	0	0	0	0.3408	0	0	0	0	0.8698	0	0	0	0	1	0	0	0.3323	0	0	0	0	0	0	0	0	0	0	0	0	0	0	0	0	0	0	0	0	0.7233	0	0	0	0	0	0.6901	0	0	0	0	0	0	0	0	0	0	0	0	0	0	0	0	0.9352	0	0	0.1057	0	0	0
0	0	0	0	0	0	0	0	0	0	0	0.7155	0	0	0	0	0	0	0	0	0	0	0	0	0	0	0	0	0	0	0	0	0	0	0	0.5526	0	0	0	0	0	0	0	0	0.0281	0.907	0	1	0	0	0	0	0	0	0	0	0	0	0	0	0	0	0	0	0	0	0	0	0	0	0	0	0	0.4747	0	0	0	0	0	0	0	0	0.2583	0	0	0.279	0	0	0.7293	0	0	0	0	0	0	0.5741	0	0.1329	0	0
0	0	0	0	0	0	0	0	0	0	0	0	0	0	0.2843	0	0.853	0	0	0	0	0.9711	0	0	0	0	0	0	0	0	0	0	0	0	0	0	0.6838	0	0	0	0	0	0	0	0	0	0.1491	0	1	0	0	0	0	0	0	0	0	0.5437	0	0	0	0	0	0	0	0	0.8278	0	0.7767	0	0	0	0	0	0	0	0	0	0	0	0	0	0.1817	0	0	0	0	0.4831	0	0	0	0	0	0	0	0	0	0	0	0
0	0	0	0	0	0	0	0	0	0	0	0	0.7585	0	0	0	0	0	0	0.8456	0	0	0	0	0	0	0	0	0	0	0	0	0.1984	0	0	0	0	0	0	0	0	0	0	0.2223	0	0	0	0	0	1	0	0.8994	0	0	0	0	0	0	0	0	0	0.1033	0	0	0	0	0	0	0	0	0	0	0	0	0	0	0	0	0	0	0	0	0	0	0	0.2596	0.8634	0	0	0	0	0	0.2365	0	0	0	0.1846	0	0	0
0	0	0.5248	0	0	0	0	0	0	0	0	0	0	0	0	0	0	0	0	0	0	0	0.869	0	0	0	0.5218	0	0	0	0.8877	0	0	0	0	0	0	0	0	0	0	0	0	0	0	0	0	0	0	0	1	0.1803	0	0	0	0	0	0	0	0	0	0	0	0	0	0	0.0972	0	0	0	0.3073	0	0	0	0	0	0	0	0	0	0	0	0	0	0	0	0.8089	0	0	0.2773	0	0	0	0	0	0	0	0	0.2985	0
0	0.2354	0	0	0	0	0	0	0	0	0	0	0.1399	0	0.5831	0	0	0	0	0	0	0.8904	0	0	0.9579	0	0.9072	0	0	0	0	0.8553	0.5005	0	0	0	0	0	0	0	0	0	0	0	0	0	0	0	0	0	0	1	0	0	0	0	0	0	0	0	0	0	0	0	0	0	0	0	0	0	0	0	0	0	0	0	0	0	0	0	0	0	0.6385	0	0	0	0	0	0	0	0	0	0	0	0	0	0.31	0	0	0
0.9781	0	0	0	0	0	0	0.5452	0	0	0.9755	0	0	0	0	0	0	0	0	0	0	0	0	0	0	0	0	0	0	0	0	0	0	0	0	0	0	0	0	0	0	0	0	0	0	0	0	0	0	0	0.2883	0	1	0	0	0	0	0	0.0201	0	0	0	0	0	0	0	0	0	0	0	0	0.0479	0	0.8342	0.1021	0	0	0	0	0	0	0	0	0	0	0	0	0	0	0.2252	0	0	0.5895	0	0	0	0	0	0	0
0	0	0	0	0	0	0	0.822	0	0	0	0	0	0	0.9271	0	0	0	0	0	0	0	0	0	0	0	0	0	0	0	0	0	0	0	0	0	0	0	0	0	0	0	0	0	0	0	0	0	0	0	0	0	0	1	0	0	0.784	0	0.3549	0	0	0	0	0.3496	0	0	0	0	0	0.8226	0	0	0	0	0	0.6511	0	0.6174	0	0	0	0	0.4928	0	0	0	0	0	0	0	0	0	0	0.5882	0	0	0	0	0	0
0.4272	0	0	0	0	0	0	0	0.1807	0	0	0	0	0	0	0	0	0	0	0	0	0	0	0	0	0	0	0	0	0	0	0	0	0	0	0	0.9338	0	0	0	0	0	0.3163	0.9149	0	0	0	0	0	0	0	0	0	0.9229	1	0	0	0	0	0	0	0	0	0	0	0	0	0.255	0	0	0	0	0	0	0	0.1013	0	0	0	0	0	0	0	0	0.3913	0	0	0	0	0	0	0	0	0	0	0.5417	0	0	0	0
0	0	0.6436	0	0	0	0	0	0	0	0	0	0	0	0	0	0	0	0	0.263	0	0	0	0	0	0	0	0	0	0	0	0	0	0	0	0	0	0	0	0	0	0	0.8336	0	0	0	0	0.4812	0	0	0	0	0	0	0	1	0	0	0	0	0	0	0	0	0	0.7507	0	0.0252	0.5056	0	0	0	0.6761	0.099	0	0	0	0	0	0	0	0	0	0	0	0	0	0	0	0	0	0.5073	0	0	0	0	0	0	0	0
0	0.8546	0	0	0	0	0	0	0.2337	0	0.1588	0	0	0	0	0	0	0	0	0	0	0	0	0	0	0	0	0	0	0	0	0	0	0	0	0	0	0	0	0	0	0	0	0	0	0	0	0	0	0	0	0	0	0	0	0.7712	1	0	0	0	0	0	0	0	0	0	0	0	0	0	0.7114	0	0	0.9702	0	0.6275	0	0	0.4843	0	0	0	0	0	0	0	0	0	0.2241	0	0	0	0	0.9339	0	0	0	0	0	0
0	0.4	0	0	0	0	0	0	0	0	0	0	0	0	0	0	0	0	0	0	0	0	0	0	0	0	0.669	0	0	0	0	0.7959	0	0	0	0.6313	0	0	0	0	0	0	0	0.5968	0	0	0	0	0	0	0	0	0	0	0	0	0	1	0	0.5389	0	0	0	0	0	0	0	0	0	0	0	0	0	0	0	0	0.6297	0	0	0	0	0	0	0	0	0	0	0	0	0	0	0.2754	0	0.6949	0	0	0	0.7597	0	0
0	0	0	0	0	0	0	0	0.8376	0	0	0	0	0	0.3915	0	0	0	0	0.062	0	0	0	0	0	0	0	0	0	0	0	0	0	0	0	0	0	0	0	0	0	0	0	0	0	0	0	0	0	0.0709	0	0	0	0.9799	0	0	0	0	1	0.7058	0	0.9517	0	0	0.6463	0	0	0	0	0	0	0	0	0	0	0	0.4698	0	0	0	0	0	0.0806	0	0	0	0	0	0	0	0	0	0	0	0	0	0	0	0	0
0	0	0	0	0	0	0	0	0	0	0	0	0.3619	0	0	0	0	0	0	0	0	0	0	0	0	0	0	0	0	0	0	0	0	0	0	0	0.1625	0	0	0	0	0	0	0	0	0	0	0	0	0	0	0	0	0	0	0	0	0	0	1	0.1161	0	0	0.8872	0.7435	0	0.7559	0.9522	0	0	0	0	0	0	0	0	0	0	0	0	0	0.0741	0	0	0	0	0.9278	0	0	0	0	0	0	0	0	0	0	0	0.5786	0
0.0606	0.6321	0	0	0	0	0	0	0	0	0	0	0	0	0	0	0	0	0	0	0	0	0	0	0	0	0	0	0	0	0	0	0	0.7297	0	0	0	0	0	0	0	0	0	0.2016	0.455	0	0	0	0	0	0.5919	0	0	0	0	0	0	0	0	0	1	0	0	0	0.5608	0	0	0	0	0	0	0	0	0.8819	0	0	0	0	0	0	0	0	0	0.2683	0	0	0	0	0	0	0	0	0.9674	0	0	0	0	0	0	0
0	0	0	0	0	0.1019	0	0	0	0	0	0	0	0	0	0	0	0.9367	0	0.3765	0	0	0	0	0	0	0	0	0	0	0	0	0.5916	0	0.183	0	0	0	0	0	0	0	0	0	0.7025	0	0	0	0	0	0	0	0	0	0	0	0	0	0	0	0	1	0	0	0.1796	0	0	0	0	0	0	0	0.2215	0	0	0	0	0	0	0	0	0	0	0	0	0	0	0	0	0	0.1859	0	0	0	0	0.4162	0	0	0	0
0	0	0	0	0	0	0	0	0	0	0	0	0.3386	0	0	0	0	0	0	0	0	0	0	0	0	0	0	0	0	0	0	0	0	0	0	0	0	0	0	0.2357	0	0	0	0	0	0	0	0	0	0	0.0879	0	0	0	0	0.1493	0.0769	0	0	0	0	0	1	0	0	0	0	0	0	0	0	0	0	0	0	0	0	0	0.5233	0	0	0	0	0	0.5235	0	0	0	0	0	0	0	0	0	0.4539	0.781	0.8634	0	0	0
0	0	0.9987	0	0	0	0	0	0	0	0	0	0	0	0	0	0	0.7609	0	0	0	0	0	0	0	0.9545	0	0	0	0	0.8509	0	0	0	0	0	0	0.351	0	0	0	0.6566	0	0	0	0	0	0	0	0	0	0	0	0.8862	0	0	0	0	0	0	0	0.0528	0	1	0	0	0	0	0	0	0	0	0	0	0	0	0	0	0.8711	0	0	0	0	0	0	0	0	0	0	0	0	0	0.3722	0	0	0	0	0	0	0
0	0	0	0	0.1412	0	0	0	0.0147	0.4715	0	0	0	0	0	0.0767	0	0	0	0	0	0	0	0	0	0	0	0	0	0	0	0	0.4144	0	0	0	0	0	0	0	0.7968	0	0	0	0	0	0	0	0	0	0	0	0	0	0	0.8952	0	0	0	0	0	0	0	0	1	0	0	0	0	0	0	0	0	0	0	0	0	0	0	0	0.1465	0	0	0	0	0	0	0	0	0	0.7641	0	0	0	0.7803	0	0	0	0	0
0.8412	0	0	0	0	0	0	0	0	0	0	0	0	0	0	0	0	0	0	0	0	0	0	0	0.4726	0	0	0	0	0	0	0	0	0	0	0	0	0	0	0	0	0	0	0	0	0	0	0	0	0	0	0.798	0	0	0	0	0	0	0	0	0	0	0	0	0	1	0.2171	0	0	0.1885	0	0	0	0.6832	0	0	0	0	0.5815	0.7252	0	0	0	0	0	0	0	0	0	0	0	0.7668	0	0	0	0	0	0.114	0	0
0	0	0	0	0	0	0	0	0	0	0	0	0	0	0	0	0	0	0	0	0	0	0	0	0	0	0	0	0	0	0	0	0	0	0	0	0	0.2887	0	0	0	0	0	0	0	0	0	0.8326	0	0	0	0	0	0.1776	0	0	0	0	0	0	0	0.5245	0	0	0.933	0	1	0	0	0.971	0	0	0	0	0	0	0	0	0	0.1064	0	0.782	0	0	0	0	0	0.8614	0	0	0	0	0	0.923	0	0	0	0	0	0
0	0	0	0	0	0	0	0	0	0	0	0	0.9721	0	0	0	0	0	0	0	0	0	0	0	0	0	0	0.4478	0.244	0	0	0	0	0	0	0	0	0	0	0	0	0.658	0	0	0	0	0.2847	0	0	0	0	0.0982	0	0	0	0	0	0	0	0	0	0	0	0	0.5117	0	0	1	0	0	0	0	0	0.3091	0	0.8278	0	0	0	0	0	0	0	0	0	0	0	0	0	0	0	0.3465	0	0	0	0	0	0	0	0
0	0	0	0	0	0	0	0	0	0	0	0.3178	0	0	0	0	0	0	0	0	0	0	0	0	0	0	0.0172	0	0	0	0	0	0	0	0	0.872	0	0.5169	0	0	0	0.9191	0	0	0	0	0.2319	0	0	0	0	0	0	0	0	0.2213	0	0	0	0	0	0	0	0	0	0	0	0	1	0	0	0	0	0	0.4737	0	0.3875	0	0	0	0	0	0	0	0	0	0	0	0	0	0	0	0.3827	0	0	0	0	0	0	0
0	0	0	0	0	0	0	0	0.7292	0	0	0.0101	0	0	0.1068	0	0	0	0	0	0.3496	0	0	0	0	0	0	0	0	0	0	0.7792	0	0	0	0	0	0	0	0.8641	0	0	0	0.5809	0	0	0	0	0	0.9935	0.0199	0	0	0	0	0	0.0214	0	0	0	0	0	0	0	0	0	0	0	0	1	0	0	0	0	0	0	0	0	0	0	0	0	0	0	0	0	0	0	0	0	0	0	0	0	0	0	0	0	0	0
0.5758	0	0	0	0	0	0	0	0	0	0	0	0	0	0.0655	0	0	0.9663	0	0	0	0.1297	0.0665	0	0	0	0	0	0	0	0	0	0.3514	0	0	0	0	0	0	0	0.0534	0	0	0	0	0	0	0	0	0	0	0	0	0.7306	0	0	0	0	0	0	0	0	0	0	0	0	0	0	0	0	1	0	0	0	0	0	0	0	0	0	0	0	0.2099	0.0777	0	0	0	0	0	0	0	0	0	0	0	0	0	0	0	0
0	0	0	0	0	0	0	0.0496	0	0	0	0	0	0	0	0	0	0	0	0	0	0	0	0	0	0	0	0	0	0	0	0.3392	0	0	0	0.2908	0	0	0	0	0.3235	0	0	0	0	0	0	0	0	0	0	0	0	0	0	0	0	0.0033	0	0	0.8128	0	0	0	0	0	0	0	0	0	0	1	0	0	0	0.135	0	0.4815	0	0	0	0.4479	0	0	0	0	0	0	0	0	0	0.881	0	0	0	0	0	0	0	0
0	0	0	0	0	0	0	0	0	0	0	0	0.0598	0	0	0	0	0	0	0	0	0	0.9461	0	0	0	0	0	0	0	0	0	0	0.582	0.8845	0	0	0	0	0	0	0	0	0	0	0.2492	0	0	0	0	0	0	0	0	0.7599	0	0	0	0.5963	0	0	0	0	0	0	0	0	0	0.0761	0	0	0	1	0	0	0	0	0	0	0	0	0.6882	0	0	0	0	0	0	0	0	0	0	0	0	0	0.7762	0	0	0	0
0	0	0	0	0	0	0	0	0	0	0	0.6539	0	0	0	0	0	0	0	0	0	0	0	0	0	0	0	0	0	0	0	0	0	0	0	0	0	0	0	0	0	0	0	0	0	0	0	0	0	0	0	0	0	0	0	0.2	0.9904	0	0	0	0.1731	0	0.8597	0	0.7348	0.1403	0.3334	0	0	0.4208	0	0	0	1	0	0	0	0	0	0	0	0	0	0	0	0	0	0	0	0	0	0	0	0	0	0	0	0.0242	0	0
0	0	0	0	0	0	0	0.2901	0	0	0	0	0	0.3825	0	0	0	0	0	0	0	0.3233	0	0	0	0	0	0	0	0	0	0	0	0	0	0	0	0	0	0	0	0.3077	0	0.0306	0.9418	0	0	0	0	0	0	0	0	0.3665	0	0	0	0	0.3011	0	0	0	0	0	0	0	0	0	0	0	0	0	0	0.4014	1	0	0	0	0	0	0.5047	0	0	0	0	0	0	0	0	0	0	0	0	0	0	0	0	0	0	0
0	0	0	0.1029	0	0	0.2237	0	0	0	0	0	0	0	0	0	0	0	0	0	0	0	0.1989	0	0	0	0	0.4161	0	0	0	0	0	0	0	0	0	0	0	0	0	0	0	0	0	0	0	0	0	0	0	0	0	0	0	0	0	0	0.5743	0	0	0	0	0.8917	0	0	0.2837	0	0	0	0	0.8902	0	0	0	1	0.3236	0	0	0.6154	0	0	0	0	0	0	0	0	0	0	0	0	0	0	0	0	0	0	0	0
0	0	0	0	0	0	0	0	0	0	0	0	0	0	0	0	0	0	0	0	0	0	0	0	0.6763	0	0	0.5615	0	0	0	0.1587	0	0	0	0	0	0	0	0.6802	0	0.9001	0	0	0	0	0	0	0	0	0	0	0	0.6157	0	0	0	0	0	0	0	0	0	0	0	0	0	0	0.7837	0	0	0	0	0	0	0	1	0.502	0	0	0	0.8422	0	0	0	0	0	0	0	0	0	0	0	0	0.1016	0	0	0	0	0
0	0	0	0	0	0	0	0.1455	0	0	0	0	0	0	0	0	0	0.7953	0.3789	0	0	0	0	0.6839	0.6731	0	0	0.4672	0	0	0	0	0	0	0	0	0	0	0	0	0	0	0	0	0	0	0	0	0	0	0	0.3736	0	0	0.713	0	0	0	0	0	0.6986	0	0	0	0	0	0	0	0	0	0	0	0	0	0	0	0	1	0	0	0	0	0.8848	0	0	0	0	0	0	0	0	0	0	0	0	0	0	0	0	0
0	0	0	0	0	0	0	0	0	0	0	0	0	0.3892	0	0	0	0	0	0	0	0	0	0.5799	0	0	0	0	0	0	0	0	0	0.8305	0	0	0	0.922	0	0.096	0	0	0	0	0	0.2052	0	0	0	0	0.3578	0	0	0	0	0	0	0	0	0	0	0	0	0	0	0	0	0.4598	0	0	0	0	0	0	0	0	0	0	1	0.7595	0	0	0	0	0	0	0	0	0.3551	0	0	0	0	0	0	0	0	0	0	0
0	0	0	0	0	0	0	0	0	0	0.0426	0	0	0	0	0.9626	0	0	0	0	0	0	0	0	0	0	0	0	0	0	0	0	0.1907	0	0	0.0385	0.7051	0	0	0	0	0	0	0.8404	0	0.017	0	0	0	0	0	0	0	0	0	0	0.2619	0	0.483	0	0	0	0	0	0	0	0.7434	0	0	0	0	0	0	0	0	0	0	0	0	1	0	0	0	0	0	0	0	0	0	0	0	0	0	0	0	0	0	0	0	0
0	0	0	0	0	0	0	0	0	0	0	0	0.9314	0	0	0	0.7527	0	0	0	0	0	0	0	0	0	0	0	0	0	0	0	0	0	0	0.4118	0	0	0	0	0	0	0	0	0.6058	0.6611	0	0	0	0	0	0	0	0	0	0	0	0	0	0	0	0	0	0.6366	0.8442	0	0	0	0	0	0	0	0	0	0	0	0	0	0	0	1	0.3186	0.4019	0	0	0	0	0	0	0	0	0	0	0	0	0	0.0644	0	0	0
0	0.7979	0	0	0	0	0	0	0	0	0	0.0139	0	0	0.2611	0	0	0	0	0	0	0	0	0	0	0	0	0	0	0	0	0	0	0	0	0	0	0	0	0	0	0.0388	0	0	0	0	0	0	0	0	0	0	0	0	0	0	0	0	0	0	0	0	0	0	0	0	0.654	0	0.7655	0	0.6115	0	0	0.957	0	0	0.9272	0	0	0	0	1	0	0	0	0	0	0	0	0.5397	0	0	0	0	0	0	0	0	0	0
0	0	0.9444	0.9648	0	0	0	0	0	0	0	0	0	0	0	0.4046	0	0	0	0.4856	0	0	0	0	0	0	0	0	0	0	0	0	0	0	0	0	0	0	0	0	0	0	0	0	0	0	0.4298	0	0	0	0	0	0	0	0	0	0	0	0.0734	0	0	0	0	0	0	0	0	0	0	0	0	0	0	0	0	0	0	0	0	0	0	0	1	0.3545	0.3043	0.7189	0	0	0	0	0	0	0.3069	0	0	0	0	0	0	0
0	0	0	0.0424	0	0	0	0	0	0.7934	0	0	0	0	0	0	0	0	0	0	0	0	0.8376	0	0	0	0	0	0	0	0.9637	0	0	0	0	0.6707	0	0.0499	0	0	0	0	0	0	0	0	0.046	0	0	0	0	0	0.2164	0	0	0	0	0	0	0	0	0.2176	0.6319	0	0	0	0	0	0	0	0	0	0	0	0	0	0	0	0	0	0	0	0	1	0	0	0	0	0	0	0	0	0	0	0	0	0	0	0	0
0	0	0	0.8136	0.9935	0	0	0	0	0	0	0	0	0.4108	0	0.2949	0	0	0	0	0	0	0	0	0	0	0	0	0	0	0.9195	0	0	0	0	0	0	0	0	0	0	0	0	0.9453	0	0	0	0	0	0	0	0	0	0.8996	0	0	0	0	0	0	0	0	0	0	0.0974	0	0	0	0	0	0	0.7842	0	0	0	0	0	0	0	0	0	0	0	0	1	0.7332	0	0	0	0	0	0	0	0	0	0	0	0	0	0
0	0	0.6639	0	0	0	0	0	0	0.0999	0	0	0	0	0	0	0	0	0	0	0	0	0	0	0	0	0	0	0	0	0	0	0.4416	0	0	0	0	0	0	0	0.3608	0.9932	0	0.7466	0	0	0.9569	0	0	0	0	0	0	0	0	0	0	0	0	0	0	0	0	0	0	0	0.6141	0	0.6977	0	0	0	0	0	0	0	0	0	0	0	0	0	0	0.3311	0	1	0	0	0	0	0	0	0	0	0	0	0	0	0	0
0.9682	0	0	0	0	0	0	0	0	0	0	0	0.7945	0	0	0.8016	0	0	0	0	0.9184	0	0	0	0	0	0	0	0	0	0	0	0.7758	0	0	0	0	0.6839	0	0	0	0	0	0	0	0	0	0	0	0	0	0.8231	0	0	0	0	0	0	0	0	0.3644	0	0	0	0	0	0	0	0	0	0	0	0	0	0	0	0	0.9551	0	0.9089	0	0	0	0	0	0	1	0	0	0	0	0	0	0	0	0	0	0	0	0
0	0	0	0	0	0	0	0	0	0	0.1749	0	0	0	0.6954	0	0	0.7106	0	0	0	0	0.4566	0	0	0	0	0	0	0	0	0	0	0	0	0.3013	0.306	0	0.0675	0	0	0	0	0	0	0	0	0	0	0	0.4752	0	0	0.4713	0	0	0	0	0	0	0	0	0	0	0	0.2086	0	0	0	0	0	0	0	0	0	0	0	0	0	0	0	0	0	0	0	0	0	1	0	0	0	0	0	0	0	0	0	0	0	0
0	0	0	0	0	0	0	0	0.6744	0	0	0	0	0	0	0	0	0	0	0	0	0	0	0	0.6134	0.5633	0	0	0	0.9534	0	0	0	0	0	0	0.1096	0	0	0	0	0	0	0.123	0	0	0	0.463	0	0	0	0	0	0	0	0.3242	0	0	0	0	0	0	0	0.7474	0	0	0	0	0	0	0	0	0	0	0	0	0	0	0	0	0	0	0	0	0	0	0	0	1	0	0	0	0	0	0	0	0	0	0	0.9176
0	0	0	0	0	0	0	0	0.8344	0	0	0	0	0	0	0	0	0	0	0	0	0	0	0	0	0	0	0	0	0	0.0291	0	0	0.1793	0	0	0	0	0	0	0	0	0	0	0	0	0	0	0.9047	0.4175	0	0	0	0	0.2493	0	0	0.4939	0	0	0	0	0	0	0	0	0	0	0	0	0	0	0	0	0	0.5975	0	0	0	0	0	0	0	0	0	0	0	0	0	1	0	0	0	0	0	0	0.1321	0	0.532	0
0	0.1871	0	0	0	0	0.6816	0	0	0	0.738	0	0.2713	0	0	0	0	0	0	0	0.0294	0	0	0	0	0	0	0	0	0	0	0	0	0	0	0	0	0	0	0.8879	0.6864	0	0	0.4217	0	0	0	0.6732	0	0	0	0	0	0	0	0	0	0	0	0	0	0.6418	0	0	0	0	0	0	0	0	0	0	0	0	0	0	0	0	0	0	0	0	0	0	0	0	0	0	0	0	1	0	0	0	0	0	0	0	0	0
0	0	0	0	0	0	0	0.0634	0.5539	0.9402	0	0	0	0	0	0	0	0	0.2362	0	0	0	0	0	0	0	0	0.4567	0	0	0	0	0	0	0	0	0	0	0.3581	0	0	0	0	0	0	0.3202	0	0	0	0	0	0	0	0	0	0	0	0	0	0	0	0	0	0	0	0	0.7772	0	0	0	0	0	0	0	0	0	0	0	0	0	0	0	0	0	0	0	0	0	0	0.7611	0	1	0	0	0	0.2839	0	0	0	0
0	0	0	0	0	0	0	0	0	0	0	0.1452	0	0	0	0	0	0	0	0	0	0	0	0	0	0.5597	0	0	0	0	0	0	0	0	0	0.3922	0	0	0	0	0.6549	0	0	0.0312	0	0	0	0	0	0	0.3031	0	0	0	0	0	0	0	0	0.0229	0	0	0	0.1727	0	0	0	0	0	0	0	0	0	0	0	0	0	0	0	0	0	0	0	0	0	0	0.1818	0	0	0	0.4124	0	1	0	0	0	0	0	0	0
0	0	0	0	0	0	0	0	0	0	0	0.8644	0	0	0	0	0	0	0.5191	0	0	0	0	0.602	0	0	0	0	0	0	0.1924	0	0	0	0	0	0	0	0	0	0	0.4463	0	0	0	0	0	0	0	0	0	0	0	0	0.4997	0	0	0	0	0	0	0	0	0	0	0	0	0	0	0	0	0	0	0	0	0	0	0	0.8955	0	0	0	0	0	0.6401	0	0	0.4536	0	0	0	0.7264	0	1	0	0	0	0	0	0
0	0	0	0	0	0	0	0.4825	0	0	0	0	0	0	0	0	0.3942	0	0	0	0	0	0	0	0	0	0	0	0	0	0	0	0	0	0	0	0	0	0	0	0	0	0	0	0	0	0	0.0327	0	0.1012	0	0	0	0	0	0	0	0	0	0	0	0.5218	0.0891	0	0	0	0	0	0	0	0.101	0	0	0	0	0	0	0.8437	0	0.841	0	0	0	0	0	0	0	0	0	0	0	0	0	0	1	0	0	0	0.4467	0
0	0	0	0	0	0	0	0	0	0	0	0	0	0	0	0	0	0	0	0	0	0	0	0	0	0	0	0	0	0	0	0.6612	0	0	0	0	0	0.363	0	0	0	0	0	0.5894	0.3937	0	0	0	0	0.3899	0	0	0.4222	0	0	0	0	0	0	0	0	0.9575	0	0	0	0	0.1991	0	0	0	0	0.6953	0	0	0	0	0	0	0	0	0	0	0	0	0	0	0	0	0	0	0	0	0	0	0	1	0	0	0	0.5786
0	0	0	0	0	0	0	0	0	0	0	0	0	0.5595	0	0	0	0	0	0	0.1588	0	0	0	0	0	0	0	0	0	0	0.6384	0	0	0.5489	0	0	0	0	0	0	0.3544	0	0	0	0	0	0	0.4427	0	0	0	0	0	0	0	0	0.1826	0	0	0	0.1085	0	0	0.1143	0	0	0	0	0	0	0	0	0	0	0	0	0	0	0	0	0	0	0	0	0	0	0	0	0	0	0	0	0	0	0	1	0	0.8491	0
0	0	0	0	0	0	0	0	0	0	0	0	0	0	0	0	0	0	0	0	0	0	0	0	0	0	0	0	0	0	0.3878	0.5579	0	0	0	0	0	0	0	0	0	0	0	0	0	0	0	0	0	0	0	0	0	0	0	0	0	0	0.3099	0	0	0	0	0	0	0	0.2498	0	0	0	0	0.5386	0	0	0	0	0.5105	0	0	0	0	0	0	0	0	0	0.7047	0.0471	0	0.4225	0	0	0	0	0	0	0.2946	1	0	0
0	0	0	0	0	0	0	0	0	0	0	0	0	0	0	0	0	0.8028	0	0.2995	0	0	0	0	0	0	0	0	0	0	0	0.9985	0.1226	0	0	0	0	0.5237	0	0.8515	0	0	0.2685	0	0	0	0	0	0	0	0	0	0	0	0	0	0	0	0	0	0	0	0	0	0	0	0	0.893	0	0	0	0	0	0.7656	0	0	0	0	0	0	0	0	0	0	0.509	0	0	0	0	0	0	0	0	0	0	0	0	0	1	0
0	0	0	0	0	0	0	0	0	0	0	0	0	0	0	0	0	0	0	0	0	0	0	0	0	0	0	0	0	0	0	0	0.8443	0	0	0	0	0.8952	0	0.3006	0	0	0	0	0	0	0	0	0	0	0	0.1243	0	0	0	0	0	0	0	0	0	0.8946	0	0	0	0	0	0	0	0	0	0	0	0	0	0	0	0	0	0	0.4058	0	0	0	0	0.4906	0	0	0	0.0116	0	0	0	0	0.1984	0	0	0	0.9363	1
1.2968	0	0	0	0	0	0	0	0	0	0	0	0	0	0	0	0	0	2.4176	0	0	0	2.8469	0	0	0	0	0	0	0	0	2.4742	0	0	0	2.9452	0	0	0	2.0212	0	0	1.5685	0	2.7724	0	0	0	0	0	0	0	0	0	0	0	0	0	0	0	0	0	0	2.1182	0	0	0	0	0	0	0	0	0	0	0	0	0	0	0	0	0	0	0	0	0	0	0	0	0	0	0	2.5313	0	0	0	0	0	0	1.9106	0
0	1.3286	0	0	0	0	0	0	0	0	0	0	1.4075	0	0	0	0	0	0	0	0	0	0	0	0	0	0	2.961	0	0	0	0	0	0	0	0	0	0	0	0	0	0	1.5685	0	0	0	0	0	2.0441	0	0	0	0	0	0	1.2567	0	0	0	0	0	0	0	2.1182	0	0	0	0	0	2.0436	0	0	0	0	0	0	0	0	2.981	0	0	0	2.2116	0	0	0	0	0	0	0	0	0	0	0	0	0	0	0	1.9106	0
0	0	2.2336	0	0	0	0	0	1.3786	0	1.1951	0	1.4075	0	0	0	0	0	0	0	0	0	0	0	0	0	0	0	0	0	0	0	1.812	0	0	0	1.7926	0	0	0	0	0	0	0	0	0	0	0	2.0441	0	0	0	1.2196	0	0	0	0	0	0	0	0	0	0	0	0	0	0	0	0	0	2.0733	1.8687	0	0	0	0	0	0	0	0	0	0	0	0	0	0	0	1.7103	0	0	0	0	0	0	0	0	0	0	0	0
0	0	0	2.4207	0	0	0	0	0	0	0	0	0	0	0	0	0	0	0	0	0	2.5082	0	0	0	0	0	0	0	0	0	0	0	0	0	0	0	0	0	0	2.3883	0	0	0	2.7724	0	2.3318	0	0	0	0	0	1.2196	1.8121	0	0	0	0	0	0	0	0	0	2.1182	0	0	0	0	0	0	0	0	0	0	0	0	2.9557	0	0	0	0	0	0	1.1067	0	0	0	1.7103	0	0	0	0	0	0	0	0	0	0	0	0
0	0	0	0	1.5418	1.7649	0	0	0	0	0	0	0	0	0	0	0	0	0	0	0	0	0	0	1.865	0	2.0122	0	0	0	0	0	0	0	0	0	0	0	1.5056	0	0	0	0	0	0	0	0	0	0	0	0	0	0	0	0	0	0	0	0	2.9477	0	0	0	0	0	0	0	0	0	0	0	0	0	0	1.1679	0	2.9557	0	2.981	0	0	0	0	1.1067	0	0	0	0	1.8936	0	0	0	0	0	0	0	0	0	0	0
0	0	2.2336	0	0	1.7649	0	0	0	0	0	0	0	0	0	0	0	0	0	0	0	0	0	0	0	0	0	0	0	2.6219	0	0	0	0	0	0	0	0	0	0	0	0	0	0	0	0	0	0	2.0441	0	0	0	0	0	0	0	0	1.9924	0	0	0	2.3403	0	0	0	0	0	0	2.7885	0	0	0	0	0	0	0	0	0	2.981	1.2603	0	0	0	0	0	0	0	1.7103	0	1.3322	0	0	0	0	0	0	0	0	0	0
0	0	0	0	0	0	2.1777	1.3298	0	0	0	0	0	0	0	0	1.8006	0	0	0	0	0	0	1.9929	0	0	2.0122	0	0	0	0	0	0	0	0	0	0	0	0	2.0212	0	0	0	0	0	0	0	0	0	0	0	0	0	0	0	0	0	0	0	0	0	0	0	0	0	0	0	0	0	0	0	0	0	0	0	0	0	0	0	0	0	0	0	0	0	0	2.5413	0	0	0	0	0	1.6351	1.5268	0	1.8981	0	0	1.9106	0
0	0	0	0	0	0	0	1.3298	1.3786	0	0	0	0	0	2.8491	0	0	0	0	0	0	0	0	0	0	0	0	2.961	0	0	0	0	1.812	0	0	0	0	0	0	0	0	1.5416	0	0	0	0	0	0	0	0	0	0	0	0	0	0	0	0	0	0	0	0	0	0	0	0	0	0	0	0	0	0	0	0	0	1.6042	2.9557	0	2.981	0	0	0	0	0	0	0	0	1.7103	0	1.3322	0	0	0	0	0	0	0	0	0	0
0	0	0	0	0	0	0	0	1.3786	0	0	0	0	0	0	0	0	0	0	0	2.3224	0	0	0	0	0	0	0	0	0	0	0	0	0	0	0	1.7926	0	0	0	0	0	0	0	0	0	0	0	0	0	0	0	0	0	0	0	0	0	0	0	0	2.3403	1.7126	2.1182	0	0	0	1.7982	0	0	2.0733	0	0	0	0	0	0	0	0	0	1.6905	0	0	0	0	0	0	0	0	1.3322	0	0	0	0	0	0	0	0	1.9106	0
0	1.3286	0	0	0	0	0	0	0	1.462	1.1951	0	0	0	0	0	0	0	0	0	0	0	0	0	1.865	0	2.0122	0	0	0	0	0	0	0	0	0	0	0	0	0	0	0	1.5685	0	0	0	0	0	0	0	0	0	0	0	0	1.2567	0	0	2.2941	0	0	2.3403	0	0	0	0	0	0	0	0	0	0	0	0	0	0	0	0	0	0	0	1.6624	0	0	0	0	0	0	0	0	0	0	0	0	0	0	2.1287	0	0	0
0	0	0	0	0	0	0	0	0	0	1.1951	0	0	0	0	0	0	0	0	0	2.3224	0	0	1.9929	0	0	0	0	0	0	0	0	0	0	0	0	0	0	0	0	0	0	1.5685	0	0	0	0	0	2.0441	2.9267	0	0	0	0	0	0	0	0	0	0	0	0	0	0	0	1.6562	0	0	0	0	2.0733	0	0	0	0	0	0	0	0	0	0	0	0	1.1067	0	1.597	0	0	1.8936	0	0	0	0	0	0	0	0	0	0	0
0	0	2.2336	0	0	0	0	0	0	0	0	2.0488	0	0	0	0	0	0	0	0	2.3224	2.5082	0	0	0	0	0	2.961	0	0	1.8978	0	0	0	0	0	1.7926	0	0	0	0	0	0	0	2.7724	0	0	0	0	0	0	0	0	0	0	0	0	0	0	0	0	0	0	2.1182	0	0	0	0	0	0	0	0	0	0	0	0	0	0	0	0	0	0	0	0	0	0	0	0	0	0	0	0	0	0	2.4415	0	0	0	1.9106	0
0	0	0	0	0	0	0	0	1.3786	0	0	0	1.4075	1.3601	0	0	0	0	0	0	0	0	0	1.9929	0	0	0	0	0	0	0	0	1.812	0	0	0	0	0	0	0	0	0	0	0	0	0	0	0	0	0	0	0	0	0	0	0	2.9409	0	0	0	0	0	0	0	0	0	0	0	0	0	0	0	1.2847	0	0	0	2.9557	0	0	0	0	0	0	0	2.4228	0	0	0	0	0	0	0	0	0	0	0	2.1287	2.5634	0	0
1.2968	0	0	0	1.5418	0	0	0	0	0	0	0	0	1.3601	0	0	0	0	0	0	0	0	0	0	0	0	0	0	0	0	0	0	0	0	0	2.9452	0	1.7508	0	0	0	0	0	0	0	0	0	2.2205	0	0	0	0	0	0	0	0	0	0	0	0	0	0	0	0	0	0	0	0	0	0	0	0	1.2847	0	1.1679	0	0	0	0	1.2603	0	0	0	0	0	1.597	0	0	0	0	0	0	0	0	0	0	0	0	0	1.5182
0	0	0	0	0	0	0	0	0	0	0	0	0	0	2.8491	0	0	0	0	0	0	0	2.8469	0	0	0	2.0122	0	0	0	0	0	0	1.8632	0	0	0	0	0	0	0	0	0	0	0	1.823	0	0	0	0	2.083	0	0	0	0	1.2567	0	0	0	2.9477	0	0	0	0	0	0	0	0	0	0	0	0	0	0	0	0	0	0	0	0	0	0	0	0	0	0	0	1.7103	0	0	0	0	1.6351	0	0	1.8981	0	0	0	0
0	0	2.2336	0	0	0	0	0	1.3786	0	0	0	0	0	0	1.7553	0	0	0	0	0	0	0	1.9929	0	0	0	0	0	0	0	0	0	0	0	0	0	0	0	0	0	0	0	0	0	0	0	0	0	2.9267	0	0	0	0	0	0	0	0	0	0	0	0	1.7126	0	1.1503	1.6562	0	0	0	0	0	0	0	0	0	0	0	0	0	0	0	1.6624	0	0	0	0	0	0	0	0	0	0	0	0	0	1.8981	0	0	0	1.5182
0	0	0	0	0	0	0	0	0	0	0	0	0	0	2.8491	0	1.8006	0	0	0	0	0	0	0	0	0	0	0	0	0	0	0	0	0	0	0	0	0	0	0	0	1.5416	0	0	0	0	0	0	0	0	0	0	0	0	0	0	0	1.9924	0	0	0	0	1.7126	0	0	0	0	0	2.7885	0	0	1.8687	0	2.7063	0	0	0	0	0	0	0	0	0	0	0	0	0	0	1.8936	0	1.4184	2.5313	0	0	0	0	0	0	0	0
0	1.3286	0	0	0	0	0	0	0	0	0	0	1.4075	0	0	0	0	1.5812	0	2.6562	0	0	0	0	0	0	2.0122	0	0	0	0	2.4742	0	0	0	0	0	0	0	0	0	0	0	0	0	0	0	0	0	0	0	0	0	0	0	0	0	0	0	0	2.6142	0	0	0	0	0	0	0	0	0	0	0	0	0	1.1679	1.6042	0	0	0	0	0	0	0	0	0	0	0	0	0	0	0	2.5313	0	0	2.4415	0	0	0	0	0
0	0	0	0	0	0	2.1777	0	1.3786	0	0	0	1.4075	1.3601	0	0	0	1.5812	2.4176	0	0	0	0	0	0	0	0	0	0	0	0	0	0	0	0	0	0	0	0	0	0	0	0	0	0	0	0	0	0	2.9267	0	0	1.2196	0	2.2263	0	0	0	0	0	0	0	0	0	0	0	0	0	0	0	0	0	0	0	0	0	0	0	0	0	0	0	0	0	0	1.597	0	0	0	0	0	0	0	0	0	0	2.1287	0	0	0
0	0	0	2.4207	0	0	0	0	0	0	0	0	0	0	0	0	0	0	2.4176	2.6562	0	0	0	0	0	0	0	0	0	0	0	0	0	0	0	0	0	0	1.5056	2.0212	0	0	0	0	0	0	0	2.2205	2.0441	0	0	0	0	0	0	0	0	0	2.2941	0	0	0	0	0	0	0	0	0	0	2.0436	0	0	0	0	0	0	0	0	2.981	0	0	0	0	0	0	0	0	0	0	0	0	0	0	0	0	0	0	2.5634	0	0
0	0	0	0	0	0	0	0	0	0	0	2.0488	0	1.3601	0	0	0	0	2.4176	0	2.3224	0	0	1.9929	0	2.6948	0	0	0	0	0	0	0	0	0	0	0	1.7508	0	0	0	0	1.5685	1.1141	0	0	0	0	0	2.9267	0	0	0	0	0	0	0	0	0	0	0	0	0	0	0	0	0	0	0	0	0	0	0	0	0	0	0	0	0	0	0	0	0	0	0	0	0	1.7103	0	0	0	0	0	0	0	0	0	0	0	0
0	0	0	0	0	0	0	0	0	0	0	0	0	0	0	0	0	0	0	0	0	2.5082	2.8469	0	0	0	0	0	0	0	0	0	0	0	0	0	0	0	0	0	0	0	1.5685	0	0	0	0	0	0	0	0	0	1.2196	0	0	0	0	0	0	0	2.6142	0	0	0	0	0	0	0	0	0	0	0	0	0	0	0	0	0	0	1.2603	0	0	0	0	0	1.597	2.5413	0	0	0	0	2.5313	1.6351	0	0	0	0	0	0	1.5182
1.2968	1.3286	0	0	0	0	0	0	0	0	0	0	0	0	0	0	1.8006	0	0	0	0	0	2.8469	1.9929	0	0	0	0	0	0	0	0	0	0	0	0	0	0	0	0	0	0	0	0	0	0	0	2.2205	0	0	0	0	0	0	0	0	0	0	0	2.9477	2.6142	0	1.7126	0	0	0	1.8387	0	0	0	0	0	0	0	0	0	0	1.3414	0	0	0	0	0	0	0	0	0	0	0	0	0	0	0	0	0	0	0	0	0	0
0	0	0	0	0	0	0	0	0	0	0	0	0	0	2.8491	0	0	0	0	0	0	0	0	1.9929	0	2.6948	2.0122	0	0	0	0	0	0	0	0	0	1.7926	0	1.5056	0	0	0	0	0	0	0	0	2.2205	0	0	0	0	0	0	0	0	0	0	2.2941	0	0	0	0	0	0	0	0	0	0	0	0	0	0	0	1.1679	1.6042	0	0	0	0	0	0	0	0	0	0	0	0	0	0	0	0	0	0	0	0	0	0	1.9106	0
0	0	0	0	0	0	0	0	0	1.462	0	0	0	0	0	0	0	0	0	0	2.3224	0	0	0	1.865	2.6948	2.0122	0	0	0	0	0	0	0	0	0	0	0	0	0	0	0	0	0	0	0	0	0	0	0	0	0	0	0	0	1.2567	0	0	2.2941	0	0	0	0	0	0	0	0	0	2.7885	0	0	0	0	0	0	0	0	0	0	0	0	0	2.2116	0	0	0	0	1.7103	0	0	0	0	0	0	0	0	0	0	0	1.5182
0	0	0	0	0	0	0	0	0	0	1.1951	0	0	0	0	0	0	0	0	0	0	0	0	0	0	2.6948	0	0	0	0	0	0	1.812	0	0	0	0	0	1.5056	0	2.3883	0	0	0	0	1.823	0	0	0	0	0	0	0	0	0	1.2567	0	0	2.2941	0	0	0	0	0	0	1.6562	0	0	0	0	0	1.8687	0	0	0	0	0	0	0	1.2603	0	0	0	0	0	0	0	0	0	0	0	0	0	0	0	0	0	0	0	0
0	0	0	0	0	0	0	0	0	0	0	2.0488	0	0	0	0	0	0	0	0	0	0	0	0	0	0	2.0122	2.961	0	0	0	0	1.812	0	0	0	0	1.7508	0	0	0	1.5416	0	0	0	0	2.3318	0	0	0	0	0	0	0	0	0	0	0	0	0	2.6142	0	0	0	0	0	0	0	0	0	0	0	0	0	0	0	0	0	0	1.2603	0	0	0	0	0	0	0	0	0	0	1.4184	0	0	0	0	0	0	0	1.9106	0
0	0	0	0	0	0	0	0	0	0	1.1951	2.0488	0	0	0	0	0	0	0	0	0	0	0	0	0	0	0	2.961	0	0	0	0	0	0	0	0	0	0	0	0	0	0	0	1.1141	0	1.823	0	0	0	0	0	0	0	0	0	1.2567	0	0	0	0	0	0	0	0	0	0	0	0	0	0	0	0	0	0	0	0	0	0	0	0	0	0	2.2116	0	2.4228	0	0	1.7103	0	0	0	0	0	0	0	0	2.1287	0	1.9106	0
0	0	2.2336	0	1.5418	0	0	0	0	0	0	2.0488	0	0	0	0	0	1.5812	0	0	0	0	0	0	0	0	0	0	2.8952	0	0	0	0	0	0	0	1.7926	0	0	2.0212	0	0	0	1.1141	0	0	0	0	0	0	0	0	0	1.8121	0	0	0	0	0	0	0	0	0	0	0	0	0	0	2.7885	0	2.0733	0	0	0	0	0	0	0	0	0	0	0	0	0	0	0	0	0	0	0	0	0	0	0	0	0	0	0	0	0
0	0	0	0	0	0	0	1.3298	0	0	0	0	1.4075	0	0	0	0	0	0	0	0	0	0	0	0	0	0	0	0	2.6219	1.8978	0	0	0	0	0	0	0	0	2.0212	0	0	1.5685	0	0	0	0	0	0	0	0	0	0	1.8121	0	0	0	0	0	0	0	0	0	0	0	0	0	1.7982	0	0	0	0	0	0	1.1679	0	0	0	0	0	0	0	0	0	0	0	0	0	0	0	0	0	1.6351	0	0	0	0	0	1.9106	0
0	0	0	0	0	0	0	0	0	0	0	0	0	0	0	0	0	0	0	0	0	0	0	1.9929	0	0	0	0	0	2.6219	1.8978	0	0	0	0	0	0	0	1.5056	0	0	1.5416	1.5685	0	0	0	0	0	0	0	0	0	0	0	0	0	0	0	0	0	0	2.3403	0	0	0	0	1.8387	0	2.7885	0	0	0	0	0	0	1.6042	0	0	0	0	0	0	0	0	0	0	0	1.7103	0	0	0	0	0	0	0	0	0	0	0	0
0	0	0	0	0	0	0	0	0	0	0	0	0	0	0	0	0	0	2.4176	2.6562	0	0	0	0	1.865	0	0	0	0	0	0	2.4742	0	0	0	0	0	0	0	0	0	0	0	0	0	0	0	0	0	0	0	2.5457	0	0	0	0	0	0	0	2.9477	0	0	0	0	1.1503	0	0	0	0	0	0	0	0	0	0	0	0	0	0	0	0	0	0	0	2.4228	0	0	0	0	0	1.4184	0	0	0	2.4415	0	0	0	1.9106	0
0	0	0	0	0	0	2.1777	1.3298	0	0	0	0	0	0	0	0	0	0	0	0	0	0	0	0	0	2.6948	2.0122	0	0	0	1.8978	0	1.812	0	0	0	0	0	0	0	0	0	0	0	0	0	0	0	2.0441	0	0	2.5457	0	0	0	0	0	0	0	0	0	0	0	0	0	0	0	0	0	0	2.0733	0	0	0	0	1.6042	0	0	0	0	0	0	0	0	0	1.597	0	0	0	0	0	0	0	0	0	0	0	0	0	0
0	0	0	0	0	1.7649	0	1.3298	0	0	0	0	0	0	0	0	1.8006	0	2.4176	2.6562	2.3224	0	0	0	0	2.6948	0	0	0	0	0	0	0	1.8632	0	0	0	0	0	0	0	0	0	0	0	0	0	0	0	0	0	0	0	0	0	0	0	0	0	0	0	0	0	0	0	0	0	0	0	0	0	0	0	0	0	0	2.9557	0	0	0	0	0	0	0	0	0	2.5413	0	0	0	0	0	0	0	2.4415	0	0	0	0	0
0	0	0	0	0	0	0	0	0	0	1.1951	0	0	0	0	1.7553	0	0	0	0	0	0	0	0	0	0	0	0	2.8952	0	0	0	0	0	1.3864	0	0	0	0	0	0	0	1.5685	0	0	0	0	0	2.0441	0	0	0	0	0	0	0	0	0	2.2941	0	2.6142	0	0	0	0	0	0	0	0	0	0	0	0	0	0	0	2.9557	0	0	0	0	0	0	0	0	0	2.5413	0	0	0	0	0	1.6351	0	0	0	0	0	0	0
0	0	0	0	0	0	0	0	0	1.462	0	0	0	0	2.8491	0	1.8006	0	0	0	0	0	0	0	0	0	0	0	0	0	0	0	0	0	1.3864	2.9452	1.7926	1.7508	0	0	0	0	0	0	0	0	0	0	0	0	0	0	0	0	0	0	0	0	0	0	0	2.3403	0	0	0	0	0	0	0	0	0	0	0	0	0	0	0	0	2.981	0	0	0	0	0	0	1.597	0	0	1.8936	0	0	0	0	0	0	0	0	0	0	0
0	0	0	0	0	0	0	0	0	0	1.1951	0	0	0	0	0	1.8006	1.5812	0	0	0	0	0	1.9929	0	0	0	0	0	0	0	0	0	0	0	0	1.7926	0	0	2.0212	0	0	0	0	0	0	2.3318	0	2.0441	0	0	0	0	0	0	0	0	0	0	0	0	0	0	0	0	0	0	0	0	0	0	0	0	0	0	0	0	0	2.981	0	0	0	0	0	0	0	0	0	0	0	0	0	0	1.5268	0	1.8981	0	0	0	0
0	0	2.2336	0	0	0	0	0	0	0	0	0	0	0	0	0	0	0	0	0	0	0	0	0	0	0	0	0	0	0	0	0	0	0	0	0	0	1.7508	1.5056	0	0	0	1.5685	1.1141	0	0	2.3318	0	0	0	0	0	0	0	0	0	0	0	0	0	0	0	0	0	0	0	0	0	0	0	0	0	1.2847	0	1.1679	0	0	0	0	0	0	0	0	1.1067	0	0	2.5413	0	0	0	0	0	0	0	0	0	2.1287	0	0	0
0	0	0	0	0	0	0	0	0	0	0	0	0	0	0	0	0	0	0	0	2.3224	0	0	0	0	0	0	0	0	0	0	0	0	0	0	0	0	0	1.5056	0	0	0	0	1.1141	2.7724	0	0	2.2205	0	0	0	2.5457	0	0	0	0	0	1.9924	2.2941	0	0	0	0	0	0	0	0	0	0	0	0	0	0	0	0	0	0	1.3414	0	0	0	0	0	0	0	0	2.5413	0	0	0	0	0	0	0	2.4415	0	0	0	0	0
0	0	0	0	0	0	2.1777	0	0	0	0	0	0	0	0	0	0	0	0	2.6562	0	0	2.8469	0	0	0	0	0	0	0	0	0	0	0	0	0	1.7926	0	0	2.0212	0	0	0	0	0	0	0	2.2205	0	0	0	0	0	0	0	1.2567	0	0	0	0	0	0	0	0	0	0	0	0	0	0	0	0	0	0	1.1679	0	0	0	2.981	1.2603	0	0	0	0	0	0	0	0	0	0	0	0	0	0	2.4415	0	0	0	0	0
0	0	0	0	0	0	0	0	0	0	0	0	0	0	0	0	0	0	0	0	0	0	0	0	0	0	0	0	0	0	0	0	0	0	0	0	0	0	0	0	2.3883	0	0	0	0	0	0	0	0	2.9267	0	0	0	0	0	0	0	1.9924	0	2.9477	2.6142	0	0	0	0	0	0	0	0	0	0	1.8687	1.2847	0	0	1.6042	0	0	0	0	1.6905	0	0	0	0	0	0	0	0	0	0	2.5313	0	0	0	0	2.1287	0	0	0
0	0	0	0	1.5418	0	0	0	0	0	0	0	0	0	0	0	0	0	0	0	0	2.5082	0	0	0	0	0	0	0	0	0	0	0	0	0	0	0	0	0	0	0	1.5416	1.5685	0	0	0	0	0	2.0441	0	0	0	0	0	0	0	0	0	0	0	0	0	0	0	0	0	0	0	0	2.0436	2.0733	0	1.2847	0	0	0	0	0	0	0	0	0	0	0	0	1.597	0	0	0	0	0	0	0	0	0	0	0	2.5634	1.9106	0
0	0	0	0	1.5418	0	0	0	0	0	0	0	1.4075	0	2.8491	0	0	0	0	0	0	2.5082	0	1.9929	0	0	0	0	0	0	0	2.4742	0	0	0	0	0	0	0	0	0	0	1.5685	0	0	0	0	0	0	0	0	0	0	1.8121	0	0	0	0	0	0	0	0	0	0	0	0	0	0	0	0	0	0	1.2847	0	0	0	0	1.3414	0	0	0	0	0	0	0	0	0	1.7103	0	0	0	0	0	0	0	0	0	0	0	0
0	0	0	0	0	0	0	0	0	1.462	0	0	0	0	0	0	0	0	0	2.6562	2.3224	0	0	0	0	0	0	0	0	0	0	0	0	1.8632	0	0	0	0	0	0	0	1.5416	0	1.1141	0	0	0	0	0	0	0	0	0	1.8121	0	0	0	1.9924	0	0	0	0	0	0	0	0	0	0	0	0	0	1.8687	0	0	0	0	0	0	0	0	1.6905	0	2.2116	0	0	0	0	0	0	0	0	0	0	0	0	0	0	0	0	0
0	0	0	2.4207	0	0	0	0	0	0	0	2.0488	0	0	0	0	0	0	0	2.6562	0	0	0	0	0	0	2.0122	0	0	0	0	0	0	0	1.3864	0	1.7926	0	0	0	0	0	0	0	2.7724	1.823	2.3318	0	0	0	0	0	0	0	2.2263	0	0	0	0	0	0	0	0	0	0	0	0	0	0	0	0	0	0	0	0	1.6042	0	0	0	0	0	0	0	0	0	0	0	0	0	0	0	0	0	0	0	0	0	0	0	0
0	0	0	0	0	0	0	0	0	0	0	0	0	0	0	0	0	0	2.4176	0	0	0	0	0	0	0	0	2.961	0	2.6219	0	2.4742	1.812	0	0	0	0	0	0	0	0	0	0	0	0	1.823	0	0	2.0441	2.9267	0	0	0	0	0	0	0	0	0	0	0	0	0	0	0	0	0	0	0	0	2.0733	0	0	0	0	1.6042	0	0	0	0	0	0	0	0	0	0	0	0	0	0	0	0	0	1.5268	0	0	0	0	0	0
0	0	0	0	0	0	0	0	1.3786	0	0	0	0	0	0	0	0	0	0	0	2.3224	0	0	1.9929	0	0	0	0	0	0	0	0	0	0	0	0	1.7926	0	0	0	0	1.5416	0	0	0	0	2.3318	0	0	2.9267	0	0	0	0	0	0	0	0	0	0	0	0	0	0	0	0	0	0	0	0	2.0733	0	0	0	0	0	2.9557	0	0	0	0	0	0	0	0	0	0	0	0	0	0	0	0	1.5268	0	0	2.1287	0	0	0
0	0	0	0	0	0	0	0	0	0	0	2.0488	0	0	0	0	0	0	0	0	0	0	0	0	0	0	0	0	0	0	0	0	0	0	0	2.9452	0	0	0	0	0	0	0	0	2.7724	1.823	0	2.2205	0	0	0	0	0	0	0	0	0	0	0	0	0	0	0	0	0	0	0	0	0	0	0	0	0	2.7063	0	0	0	0	0	0	0	0	2.2116	0	0	1.597	0	0	1.8936	0	0	0	0	0	0	1.8981	0	2.5634	0	0
0	0	0	0	0	0	0	0	0	0	0	0	0	0	2.8491	0	1.8006	0	0	0	0	2.5082	0	0	0	0	0	0	0	0	0	0	0	0	0	0	1.7926	0	0	0	0	0	0	0	0	0	2.3318	0	2.0441	0	0	0	0	0	0	0	0	1.9924	0	0	0	0	0	0	0	0	1.8387	0	2.7885	0	0	0	0	0	0	0	0	0	0	0	0	0	2.2116	0	0	0	0	1.7103	0	0	0	0	0	0	0	0	0	0	0	0
0	0	0	0	0	0	0	0	0	0	0	0	1.4075	0	0	0	0	0	0	2.6562	0	0	0	0	0	0	0	0	0	0	0	0	1.812	0	0	0	0	0	0	0	0	0	0	1.1141	0	0	0	0	0	2.9267	0	2.5457	0	0	0	0	0	0	0	0	0	2.3403	0	0	0	0	0	0	0	0	0	0	0	0	0	0	0	0	0	0	0	0	0	0	0	1.597	2.5413	0	0	0	0	0	1.6351	0	0	0	2.1287	0	0	0
0	0	2.2336	0	0	0	0	0	0	0	0	0	0	0	0	0	0	0	0	0	0	0	2.8469	0	0	0	2.0122	0	0	0	1.8978	0	0	0	0	0	0	0	0	0	0	0	0	0	0	0	0	0	0	0	2.083	2.5457	0	0	0	0	0	0	0	0	0	0	0	0	0	0	1.8387	0	0	0	2.0733	0	0	0	0	0	0	0	0	0	0	0	0	0	0	0	2.5413	0	0	1.3322	0	0	0	0	0	0	0	0	1.9106	0
0	1.3286	0	0	0	0	0	0	0	0	0	0	1.4075	0	2.8491	0	0	0	0	0	0	2.5082	0	0	1.865	0	2.0122	0	0	0	0	2.4742	1.812	0	0	0	0	0	0	0	0	0	0	0	0	0	0	0	0	0	0	2.5457	0	0	0	0	0	0	0	0	0	0	0	0	0	0	0	0	0	0	0	0	0	0	0	0	0	0	0	0	0	0	2.2116	0	0	0	0	0	0	0	0	0	0	0	0	0	2.1287	0	0	0
1.2968	0	0	0	0	0	0	1.3298	0	0	1.1951	0	0	0	0	0	0	0	0	0	0	0	0	0	0	0	0	0	0	0	0	0	0	0	0	0	0	0	0	0	0	0	0	0	0	0	0	0	0	0	2.083	0	1.2196	0	0	0	0	0	2.2941	0	0	0	0	0	0	0	0	0	0	0	0	1.8687	0	2.7063	1.1679	0	0	0	0	0	0	0	0	0	0	0	0	0	0	1.3322	0	0	1.6351	0	0	0	0	0	0	0
0	0	0	0	0	0	0	1.3298	0	0	0	0	0	0	2.8491	0	0	0	0	0	0	0	0	0	0	0	0	0	0	0	0	0	0	0	0	0	0	0	0	0	0	0	0	0	0	0	0	0	0	0	0	0	0	1.8121	0	0	2.9409	0	2.2941	0	0	0	0	2.1182	0	0	0	0	0	2.0436	0	0	0	0	0	1.6042	0	1.3414	0	0	0	0	2.2116	0	0	0	0	0	0	0	0	0	0	1.5268	0	0	0	0	0	0
1.2968	0	0	0	0	0	0	0	1.3786	0	0	0	0	0	0	0	0	0	0	0	0	0	0	0	0	0	0	0	0	0	0	0	0	0	0	0	1.7926	0	0	0	0	0	1.5685	1.1141	0	0	0	0	0	0	0	0	0	1.8121	2.2263	0	0	0	0	0	0	0	0	0	0	0	0	1.7982	0	0	0	0	0	0	0	1.6042	0	0	0	0	0	0	0	0	2.4228	0	0	0	0	0	0	0	0	0	0	1.8981	0	0	0	0
0	0	2.2336	0	0	0	0	0	0	0	0	0	0	0	0	0	0	0	0	2.6562	0	0	0	0	0	0	0	0	0	0	0	0	0	0	0	0	0	0	0	0	0	0	1.5685	0	0	0	0	2.2205	0	0	0	0	0	0	0	1.2567	0	0	0	0	0	0	0	0	0	1.6562	0	1.7982	2.7885	0	0	0	1.2847	2.7063	0	0	0	0	0	0	0	0	0	0	0	0	0	0	0	0	0	2.5313	0	0	0	0	0	0	0	0
0	1.3286	0	0	0	0	0	0	1.3786	0	1.1951	0	0	0	0	0	0	0	0	0	0	0	0	0	0	0	0	0	0	0	0	0	0	0	0	0	0	0	0	0	0	0	0	0	0	0	0	0	0	0	0	0	0	0	0	1.2567	2.9409	0	0	0	0	0	0	0	0	0	0	0	0	0	2.0733	0	0	2.7063	0	1.6042	0	0	2.981	0	0	0	0	0	0	0	0	0	1.8936	0	0	0	0	1.5268	0	0	0	0	0	0
0	1.3286	0	0	0	0	0	0	0	0	0	0	0	0	0	0	0	0	0	0	0	0	0	0	0	0	2.0122	0	0	0	0	2.4742	0	0	0	2.9452	0	0	0	0	0	0	0	1.1141	0	0	0	0	0	0	0	0	0	0	0	0	0	1.9924	0	2.9477	0	0	0	0	0	0	0	0	0	0	0	0	0	0	0	0	2.9557	0	0	0	0	0	0	0	0	0	0	0	0	0	0	2.5313	0	1.5268	0	0	0	2.5634	0	0
0	0	0	0	0	0	0	0	1.3786	0	0	0	0	0	2.8491	0	0	0	0	2.6562	0	0	0	0	0	0	0	0	0	0	0	0	0	0	0	0	0	0	0	0	0	0	0	0	0	0	0	0	0	2.9267	0	0	0	1.8121	0	0	0	0	2.2941	2.9477	0	2.3403	0	0	1.1503	0	0	0	0	0	0	0	0	0	0	0	2.9557	0	0	0	0	0	2.2116	0	0	0	0	0	0	0	0	0	0	0	0	0	0	0	0	0
0	0	0	0	0	0	0	0	0	0	0	0	1.4075	0	0	0	0	0	0	0	0	0	0	0	0	0	0	0	0	0	0	0	0	0	0	0	1.7926	0	0	0	0	0	0	0	0	0	0	0	0	0	0	0	0	0	0	0	0	0	0	2.9477	2.6142	0	0	2.1182	1.1503	0	1.8387	1.7982	0	0	0	0	0	0	0	0	0	0	0	0	0	1.6624	0	0	0	0	2.5413	0	0	0	0	0	0	0	0	0	0	0	1.9106	0
1.2968	1.3286	0	0	0	0	0	0	0	0	0	0	0	0	0	0	0	0	0	0	0	0	0	0	0	0	0	0	0	0	0	0	0	1.8632	0	0	0	0	0	0	0	0	0	1.1141	2.7724	0	0	0	0	0	2.083	0	0	0	0	0	0	0	0	0	2.6142	0	0	0	1.1503	0	0	0	0	0	0	0	0	2.7063	0	0	0	0	0	0	0	0	0	1.1067	0	0	0	0	0	0	0	0	1.6351	0	0	0	0	0	0	0
0	0	0	0	0	1.7649	0	0	0	0	0	0	0	0	0	0	0	1.5812	0	2.6562	0	0	0	0	0	0	0	0	0	0	0	0	1.812	0	1.3864	0	0	0	0	0	0	0	0	0	2.7724	0	0	0	0	0	0	0	0	0	0	0	0	0	0	0	0	2.3403	0	0	1.1503	0	0	0	0	0	0	0	1.2847	0	0	0	0	0	0	0	0	0	0	0	0	0	0	0	0	0	1.4184	0	0	0	0	1.8981	0	0	0	0
0	0	0	0	0	0	0	0	0	0	0	0	1.4075	0	0	0	0	0	0	0	0	0	0	0	0	0	0	0	0	0	0	0	0	0	0	0	0	0	0	2.0212	0	0	0	0	0	0	0	0	0	0	2.083	0	0	0	0	1.2567	2.9409	0	0	0	0	0	1.7126	0	0	0	0	0	0	0	0	0	0	0	0	0	0	0	2.981	0	0	0	0	0	2.4228	0	0	0	0	0	0	0	0	0	2.4415	1.8981	2.1287	0	0	0
0	0	2.2336	0	0	0	0	0	0	0	0	0	0	0	0	0	0	1.5812	0	0	0	0	0	0	0	2.6948	0	0	0	0	1.8978	0	0	0	0	0	0	1.7508	0	0	0	1.5416	0	0	0	0	0	0	0	0	0	0	0	1.8121	0	0	0	0	0	0	0	2.3403	0	2.1182	0	0	0	0	0	0	0	0	0	0	0	0	0	0	2.981	0	0	0	0	0	0	0	0	0	0	0	0	0	1.6351	0	0	0	0	0	0	0
0	0	0	0	1.5418	0	0	0	1.3786	1.462	0	0	0	0	0	1.7553	0	0	0	0	0	0	0	0	0	0	0	0	0	0	0	0	1.812	0	0	0	0	0	0	0	2.3883	0	0	0	0	0	0	0	0	0	0	0	0	0	0	1.2567	0	0	0	0	0	0	0	0	1.1503	0	0	0	0	0	0	0	0	0	0	0	0	0	0	0	1.6905	0	0	0	0	0	0	0	0	0	1.4184	0	0	0	2.4415	0	0	0	0	0
1.2968	0	0	0	0	0	0	0	0	0	0	0	0	0	0	0	0	0	0	0	0	0	0	0	1.865	0	0	0	0	0	0	0	0	0	0	0	0	0	0	0	0	0	0	0	0	0	0	0	0	0	0	2.5457	0	0	0	0	0	0	0	0	0	0	0	0	0	1.6562	1.8387	0	0	2.0436	0	0	0	2.7063	0	0	0	0	2.981	1.2603	0	0	0	0	0	0	0	0	0	0	0	2.5313	0	0	0	0	0	2.5634	0	0
0	0	0	0	0	0	0	0	0	0	0	0	0	0	0	0	0	0	0	0	0	0	0	0	0	0	0	0	0	0	0	0	0	0	0	0	0	1.7508	0	0	0	0	0	0	0	0	0	2.2205	0	0	0	0	0	1.8121	0	0	0	0	0	0	0	2.3403	0	0	1.1503	0	1.8387	0	0	2.0436	0	0	0	0	0	0	0	0	0	1.2603	0	1.6624	0	0	0	0	0	1.7103	0	0	0	0	0	1.5268	0	0	0	0	0	0
0	0	0	0	0	0	0	0	0	0	0	0	1.4075	0	0	0	0	0	0	0	0	0	0	0	0	0	0	2.961	2.8952	0	0	0	0	0	0	0	0	0	0	0	0	1.5416	0	0	0	0	2.3318	0	0	0	0	2.5457	0	0	0	0	0	0	0	0	0	0	0	0	1.1503	0	0	1.7982	0	0	0	0	0	2.7063	0	1.6042	0	0	0	0	0	0	0	0	0	0	0	0	0	0	0	2.5313	0	0	0	0	0	0	0	0
0	0	0	0	0	0	0	0	0	0	0	2.0488	0	0	0	0	0	0	0	0	0	0	0	0	0	0	2.0122	0	0	0	0	0	0	0	0	2.9452	0	1.7508	0	0	0	1.5416	0	0	0	0	2.3318	0	0	0	0	0	0	0	0	1.2567	0	0	0	0	0	0	0	0	0	0	0	0	2.7885	0	0	0	0	0	1.1679	0	2.9557	0	0	0	0	0	0	0	0	0	0	0	0	0	0	0	1.6351	0	0	0	0	0	0	0
0	0	0	0	0	0	0	0	1.3786	0	0	2.0488	0	0	2.8491	0	0	0	0	0	2.3224	0	0	0	0	0	0	0	0	0	0	2.4742	0	0	0	0	0	0	0	2.0212	0	0	0	1.1141	0	0	0	0	0	2.9267	2.083	0	0	0	0	0	2.9409	0	0	0	0	0	0	0	0	0	0	0	0	2.0436	0	0	0	0	0	0	0	0	0	0	0	0	0	0	0	0	0	0	0	0	0	0	0	0	0	0	0	0	0	0
1.2968	0	0	0	0	0	0	0	0	0	0	0	0	0	2.8491	0	0	1.5812	0	0	0	2.5082	2.8469	0	0	0	0	0	0	0	0	0	1.812	0	0	0	0	0	0	0	2.3883	0	0	0	0	0	0	0	0	0	0	0	0	1.8121	0	0	0	0	0	0	0	0	0	0	0	0	0	0	0	0	2.0733	0	0	0	0	0	0	0	0	0	0	0	2.2116	1.1067	0	0	0	0	0	0	0	0	0	0	0	0	0	0	0	0
0	0	0	0	0	0	0	1.3298	0	0	0	0	0	0	0	0	0	0	0	0	0	0	0	0	0	0	0	0	0	0	0	2.4742	0	0	0	2.9452	0	0	0	0	2.3883	0	0	0	0	0	0	0	0	0	0	0	0	0	0	0	0	1.9924	0	0	2.6142	0	0	0	0	0	0	0	0	0	0	1.8687	0	0	0	1.6042	0	1.3414	0	0	0	1.6624	0	0	0	0	0	0	0	0	0	2.5313	0	0	0	0	0	0	0	0
0	0	0	0	0	0	0	0	0	0	0	0	1.4075	0	0	0	0	0	0	0	0	0	2.8469	0	0	0	0	0	0	0	0	0	0	1.8632	1.3864	0	0	0	0	0	0	0	0	0	0	1.823	0	0	0	0	0	0	0	0	2.2263	0	0	0	2.2941	0	0	0	0	0	0	0	0	0	2.7885	0	0	0	1.2847	0	0	0	0	0	0	0	0	1.6624	0	0	0	0	0	0	0	0	0	0	0	0	0	1.8981	0	0	0	0
0	0	0	0	0	0	0	0	0	0	0	2.0488	0	0	0	0	0	0	0	0	0	0	0	0	0	0	0	0	0	0	0	0	0	0	0	0	0	0	0	0	0	0	0	0	0	0	0	0	0	0	0	0	0	0	0	1.2567	2.9409	0	0	0	2.6142	0	1.7126	0	1.1503	1.6562	1.8387	0	0	2.0436	0	0	0	2.7063	0	0	0	0	0	0	0	0	0	0	0	0	0	0	0	0	0	0	0	0	0	0	0	2.5634	0	0
0	0	0	0	0	0	0	1.3298	0	0	0	0	0	1.3601	0	0	0	0	0	0	0	2.5082	0	0	0	0	0	0	0	0	0	0	0	0	0	0	0	0	0	0	0	1.5416	0	1.1141	2.7724	0	0	0	0	0	0	0	0	1.8121	0	0	0	0	2.2941	0	0	0	0	0	0	0	0	0	0	0	0	0	0	2.7063	1.1679	0	0	0	0	0	1.6905	0	0	0	0	0	0	0	0	0	0	0	0	0	0	0	0	0	0	0
0	0	0	2.4207	0	0	2.1777	0	0	0	0	0	0	0	0	0	0	0	0	0	0	0	2.8469	0	0	0	0	2.961	0	0	0	0	0	0	0	0	0	0	0	0	0	0	0	0	0	0	0	0	0	0	0	0	0	0	0	0	0	0	2.2941	0	0	0	0	2.1182	0	0	1.8387	0	0	0	0	1.8687	0	0	0	1.6042	2.9557	0	0	1.2603	0	0	0	0	0	0	0	0	0	0	0	0	0	0	0	0	0	0	0	0
0	0	0	0	0	0	0	0	0	0	0	0	0	0	0	0	0	0	0	0	0	0	0	0	1.865	0	0	2.961	0	0	0	2.4742	0	0	0	0	0	0	0	2.0212	0	1.5416	0	0	0	0	0	0	0	0	0	0	0	1.8121	0	0	0	0	0	0	0	0	0	0	0	0	0	0	2.7885	0	0	0	0	0	0	0	2.9557	1.3414	0	0	0	1.6624	0	0	0	0	0	0	0	0	0	0	0	0	2.4415	0	0	0	0	0
0	0	0	0	0	0	0	1.3298	0	0	0	0	0	0	0	0	0	1.5812	2.4176	0	0	0	0	1.9929	1.865	0	0	2.961	0	0	0	0	0	0	0	0	0	0	0	0	0	0	0	0	0	0	0	0	0	0	0	2.5457	0	0	2.2263	0	0	0	0	0	2.6142	0	0	0	0	0	0	0	0	0	0	0	0	0	0	0	0	1.3414	0	0	0	0	2.2116	0	0	0	0	0	0	0	0	0	0	0	0	0	0	0	0	0
0	0	0	0	0	0	0	0	0	0	0	0	0	1.3601	0	0	0	0	0	0	0	0	0	1.9929	0	0	0	0	0	0	0	0	0	1.8632	0	0	0	1.7508	0	2.0212	0	0	0	0	0	1.823	0	0	0	0	2.083	0	0	0	0	0	0	0	0	0	0	0	0	0	0	0	0	1.7982	0	0	0	0	0	0	0	0	0	0	2.981	1.2603	0	0	0	0	0	0	0	0	1.8936	0	0	0	0	0	0	0	0	0	0	0
0	0	0	0	0	0	0	0	0	0	1.1951	0	0	0	0	1.7553	0	0	0	0	0	0	0	0	0	0	0	0	0	0	0	0	1.812	0	0	2.9452	1.7926	0	0	0	0	0	0	1.1141	0	1.823	0	0	0	0	0	0	0	0	0	0	2.9409	0	2.2941	0	0	0	0	0	0	0	1.8387	0	0	0	0	0	0	0	0	0	0	0	0	1.2603	0	0	0	0	0	0	0	0	0	0	0	0	0	0	0	0	0	0	0	0
0	0	0	0	0	0	0	0	0	0	0	0	1.4075	0	0	0	1.8006	0	0	0	0	0	0	0	0	0	0	0	0	0	0	0	0	0	0	2.9452	0	0	0	0	0	0	0	0	2.7724	1.823	0	0	0	0	0	0	0	0	0	0	0	0	0	0	0	0	0	2.1182	1.1503	0	0	0	0	0	0	0	0	0	0	0	0	0	0	0	1.6905	1.6624	2.2116	0	0	0	0	0	0	0	0	0	0	0	0	0	2.1287	0	0	0
0	1.3286	0	0	0	0	0	0	0	0	0	2.0488	0	0	2.8491	0	0	0	0	0	0	0	0	0	0	0	0	0	0	0	0	0	0	0	0	0	0	0	0	0	0	1.5416	0	0	0	0	0	0	0	0	0	0	0	0	0	0	0	0	0	0	0	0	0	0	0	0	1.8387	0	2.7885	0	2.0733	0	0	2.7063	0	0	2.9557	0	0	0	0	1.6624	0	0	0	0	0	0	0	1.3322	0	0	0	0	0	0	0	0	0	0
0	0	2.2336	2.4207	0	0	0	0	0	0	0	0	0	0	0	1.7553	0	0	0	2.6562	0	0	0	0	0	0	0	0	0	0	0	0	0	0	0	0	0	0	0	0	0	0	0	0	0	0	2.3318	0	0	0	0	0	0	0	0	0	0	0	2.2941	0	0	0	0	0	0	0	0	0	0	0	0	0	0	0	0	0	0	0	0	0	0	0	2.2116	1.1067	2.4228	1.597	0	0	0	0	0	0	1.6351	0	0	0	0	0	0	0
0	0	0	2.4207	0	0	0	0	0	1.462	0	0	0	0	0	0	0	0	0	0	0	0	2.8469	0	0	0	0	0	0	0	1.8978	0	0	0	0	2.9452	0	1.7508	0	0	0	0	0	0	0	0	2.3318	0	0	0	0	0	1.2196	0	0	0	0	0	0	0	0	2.3403	1.7126	0	0	0	0	0	0	0	0	0	0	0	0	0	0	0	0	0	0	0	0	1.1067	0	0	0	0	0	0	0	0	0	0	0	0	0	0	0	0
0	0	0	2.4207	1.5418	0	0	0	0	0	0	0	0	1.3601	0	1.7553	0	0	0	0	0	0	0	0	0	0	0	0	0	0	1.8978	0	0	0	0	0	0	0	0	0	0	0	0	1.1141	0	0	0	0	0	0	0	0	0	1.8121	0	0	0	0	0	0	0	0	0	0	1.1503	0	0	0	0	0	0	1.8687	0	0	0	0	0	0	0	0	0	0	0	0	2.4228	1.597	0	0	0	0	0	0	0	0	0	0	0	0	0	0
0	0	2.2336	0	0	0	0	0	0	1.462	0	0	0	0	0	0	0	0	0	0	0	0	0	0	0	0	0	0	0	0	0	0	1.812	0	0	0	0	0	0	0	2.3883	1.5416	0	1.1141	0	0	2.3318	0	0	0	0	0	0	0	0	0	0	0	0	0	0	0	0	0	0	0	1.8387	0	2.7885	0	0	0	0	0	0	0	0	0	0	0	0	0	0	1.1067	0	1.597	0	0	0	0	0	0	0	0	0	0	0	0	0	0
1.2968	0	0	0	0	0	0	0	0	0	0	0	1.4075	0	0	1.7553	0	0	0	0	2.3224	0	0	0	0	0	0	0	0	0	0	0	1.812	0	0	0	0	1.7508	0	0	0	0	0	0	0	0	0	0	0	0	0	2.5457	0	0	0	0	0	0	0	0	2.6142	0	0	0	0	0	0	0	0	0	0	0	0	0	0	0	0	1.3414	0	1.2603	0	0	0	0	0	0	2.5413	0	0	0	0	0	0	0	0	0	0	0	0	0
0	0	0	0	0	0	0	0	0	0	1.1951	0	0	0	2.8491	0	0	1.5812	0	0	0	0	2.8469	0	0	0	0	0	0	0	0	0	0	0	0	2.9452	1.7926	0	1.5056	0	0	0	0	0	0	0	0	0	0	0	2.083	0	0	1.8121	0	0	0	0	0	0	0	0	0	0	0	1.6562	0	0	0	0	0	0	0	0	0	0	0	0	0	0	0	0	0	0	0	0	0	1.7103	0	0	0	0	0	0	0	0	0	0	0	0
0	0	0	0	0	0	0	0	1.3786	0	0	0	0	0	0	0	0	0	0	0	0	0	0	0	1.865	2.6948	0	0	0	2.6219	0	0	0	0	0	0	1.7926	0	0	0	0	0	0	1.1141	0	0	0	2.2205	0	0	0	0	0	0	0	1.2567	0	0	0	0	0	0	0	2.1182	0	0	0	0	0	0	0	0	0	0	0	0	0	0	0	0	0	0	0	0	0	0	0	0	1.8936	0	0	0	0	0	0	0	0	0	0	1.5182
0	0	0	0	0	0	0	0	1.3786	0	0	0	0	0	0	0	0	0	0	0	0	0	0	0	0	0	0	0	0	0	1.8978	0	0	1.8632	0	0	0	0	0	0	0	0	0	0	0	0	0	0	2.0441	2.9267	0	0	0	0	2.2263	0	0	1.9924	0	0	0	0	0	0	0	0	0	0	0	0	0	0	0	0	0	1.6042	0	0	0	0	0	0	0	0	0	0	0	0	0	1.3322	0	0	0	0	0	0	2.1287	0	1.9106	0
0	1.3286	0	0	0	0	2.1777	0	0	0	1.1951	0	1.4075	0	0	0	0	0	0	0	2.3224	0	0	0	0	0	0	0	0	0	0	0	0	0	0	0	0	0	0	2.0212	2.3883	0	0	1.1141	0	0	0	2.2205	0	0	0	0	0	0	0	0	0	0	0	0	0	2.3403	0	0	0	0	0	0	0	0	0	0	0	0	0	0	0	0	0	0	0	0	0	0	0	0	0	0	0	0	1.4184	0	0	0	0	0	0	0	0	0
0	0	0	0	0	0	0	1.3298	1.3786	1.462	0	0	0	0	0	0	0	0	2.4176	0	0	0	0	0	0	0	0	2.961	0	0	0	0	0	0	0	0	0	0	1.5056	0	0	0	0	0	0	1.823	0	0	0	0	0	0	0	0	0	0	0	0	0	0	0	0	0	0	0	0	1.8387	0	0	0	0	0	0	0	0	0	0	0	0	0	0	0	0	0	0	0	0	0	0	1.3322	0	2.5313	0	0	0	1.8981	0	0	0	0
0	0	0	0	0	0	0	0	0	0	0	2.0488	0	0	0	0	0	0	0	0	0	0	0	0	0	2.6948	0	0	0	0	0	0	0	0	0	2.9452	0	0	0	0	2.3883	0	0	1.1141	0	0	0	0	0	0	2.083	0	0	0	0	0	0	0	0	2.9477	0	0	0	2.1182	0	0	0	0	0	0	0	0	0	0	0	0	0	0	0	0	0	0	0	0	0	0	2.5413	0	0	0	1.4184	0	1.6351	0	0	0	0	0	0	0
0	0	0	0	0	0	0	0	0	0	0	2.0488	0	0	0	0	0	0	2.4176	0	0	0	0	1.9929	0	0	0	0	0	0	1.8978	0	0	0	0	0	0	0	0	0	0	1.5416	0	0	0	0	0	0	0	0	0	0	0	0	2.2263	0	0	0	0	0	0	0	0	0	0	0	0	0	0	0	0	0	0	0	0	0	0	0	2.981	0	0	0	0	0	2.4228	0	0	1.7103	0	0	0	2.5313	0	1.5268	0	0	0	0	0	0
0	0	0	0	0	0	0	1.3298	0	0	0	0	0	0	0	0	1.8006	0	0	0	0	0	0	0	0	0	0	0	0	0	0	0	0	0	0	0	0	0	0	0	0	0	0	0	0	0	0	2.2205	0	2.9267	0	0	0	0	0	0	0	0	0	0	0	2.3403	1.7126	0	0	0	0	0	0	0	2.0733	0	0	0	0	0	0	1.3414	0	1.2603	0	0	0	0	0	0	0	0	0	0	0	0	0	0	2.4415	0	0	0	1.9106	0
0	0	0	0	0	0	0	0	0	0	0	0	0	0	0	0	0	0	0	0	0	0	0	0	0	0	0	0	0	0	0	2.4742	0	0	0	0	0	1.7508	0	0	0	0	0	1.1141	2.7724	0	0	0	0	2.9267	0	0	1.2196	0	0	0	0	0	0	0	0	2.3403	0	0	0	0	1.8387	0	0	0	0	1.8687	0	0	0	0	0	0	0	0	0	0	0	0	0	0	0	0	0	0	0	0	0	0	0	1.8981	0	0	0	1.5182
0	0	0	0	0	0	0	0	0	0	0	0	0	1.3601	0	0	0	0	0	0	2.3224	0	0	0	0	0	0	0	0	0	0	2.4742	0	0	1.3864	0	0	0	0	0	0	1.5416	0	0	0	0	0	0	2.0441	0	0	0	0	0	0	0	0	1.9924	0	0	0	2.3403	0	0	1.1503	0	0	0	0	0	0	0	0	0	0	0	0	0	0	0	0	0	0	0	0	0	0	0	0	0	0	0	0	0	0	0	2.1287	0	1.9106	0
0	0	0	0	0	0	0	0	0	0	0	0	0	0	0	0	0	0	0	0	0	0	0	0	0	0	0	0	0	0	1.8978	2.4742	0	0	0	0	0	0	0	0	0	0	0	0	0	0	0	0	0	0	0	0	0	0	0	0	0	0	2.2941	0	0	0	0	0	0	0	1.8387	0	0	0	0	1.8687	0	0	0	0	2.9557	0	0	0	0	0	0	0	0	0	2.5413	1.7103	0	1.3322	0	0	0	0	0	0	2.1287	2.5634	0	0
0	0	0	0	0	0	0	0	0	0	0	0	0	0	0	0	0	1.5812	0	2.6562	0	0	0	0	0	0	0	0	0	0	0	2.4742	1.812	0	0	0	0	1.7508	0	2.0212	0	0	1.5685	0	0	0	0	0	0	0	0	0	0	0	0	0	0	0	0	0	0	0	0	0	0	0	0	1.7982	0	0	0	0	0	2.7063	0	0	0	0	0	0	0	0	0	0	2.4228	0	0	0	0	0	0	0	0	0	0	0	0	0	1.9106	0
0	0	0	0	0	0	0	0	0	0	0	0	0	0	0	0	0	0	0	0	0	0	0	0	0	0	0	0	0	0	0	0	1.812	0	0	0	0	1.7508	0	2.0212	0	0	0	0	0	0	0	0	0	0	0	2.5457	0	0	0	0	0	0	0	0	0	2.3403	0	0	0	0	0	0	0	0	0	0	0	0	0	0	0	0	0	0	1.6905	0	0	0	0	1.597	0	0	0	1.3322	0	0	0	0	2.4415	0	0	0	1.9106	1.5182
0.3092	0.3811	0.9295	0.8317	0.0505	0.145	0.2073	0.2118	0.0058	0.0538	0.6679	0.8209	0.7535	0.7159	0.4445	0.9457	0.8533	0.7703	0.7542	0.0728	0.0678	0.6149	0.3149	0.5442	0.0523	0.4398	0.0848	0.5473	0.2813	0.8407	0.2288	0.0907	0.3478	0.7235	0.7083	0.067	0.4568	0.5021	0.4652	0.3568	0.776	0.4269	0.9448	0.7053	0.2	0.5593	0.6422	0.0654	0.7336	0.4261	0.5681	0.3269	0.0707	0.9652	0.8025	0.459	0.0338	0.4696	0.4335	0.9375	0.9596	0.2528	0.5683	0.895	0.6317	0.7381	0.4722	0.6223	0.4747	0.5242	0.3959	0.3555	0.056	0.436	0.9166	0.3055	0.6098	0.2098	0.2507	0.6683	0.8766	0.5073	0.8973	0.2657	0.3732	0.0442	0.6958	0.1368	0.3927	0.126	0.6232	0.0222	0.2337	0.0231	0.9546	0.3465	0.8812	0.1846	0.2959	0.2765
0.3320212181575013 0.6962600344636639 0.5039628692039055 0.3530542347136799 0.4654167976600241 0.20233415243324782 0.21282513416604554 0.8073270085443618 0.4388951235606652 0.2513491825268618 0.07715141774936296 0.24417134829265397 0.7235206562055904 0.15031147026701897 0.12414039669452726 0.7403252705159067 0.22024084110583741 0.37078565653672535 0.06378966160494748 0.8459012762532654 0.6404299195956152 0.43757522111723623 0.3008391206626553 0.14702600880394023 0.22630153869971292 0.40922736377208413 0.9630762313038032 0.10820788697936023 0.8424490464766335 0.6691604802137643 0.2877177953951636 0.9717701941425546 0.9003762534471285 0.0928504921639024 0.1699689422022812 0.4705500524404762 0.5972289539830998 0.24049202258961166 0.10984143014010594 0.9475594365583266 0.7716775952867506 0.5946106923822709 0.8405958996508163 0.7632859994660104 0.1080264525319008 0.7418161566469986 0.46520547002581625 0.09479829799865591 0.9108922073304841 0.27997165177782257 0.6716263200229661 0.9769493252579885 0.15913617527348167 0.5982567199987558 0.7486111220892799 0.02223810468562626 0.34252051672756423 0.6555628293700495 0.7885854529393209 0.14476606988941498 0.263754294907535 0.4229631962315368 0.7482218601401331 0.972550969013535 0.27827892805347276 0.1836482496807389 0.5086659656304391 0.5682290673054009 0.684814028538335 0.7973971912370935 0.38722439460937386 0.9499950301466005 0.386491528040279 0.9400188156727112 0.41267609179512765 0.11783759151634543 0.3607994326644526 0.49651899864478577 0.652206749897188 0.4820475327300281 0.4359636665816147 0.612463351326168 0.8556897169654941 0.05979641108986966 0.5700118085455659 0.30726701391063793 0.1962784626388162 0.2524922131862122 0.2426884398867426 0.551888306025524 0.9681217435332363 0.32291654428047456 0.8215342708505918 0.5085435582198277 0.028476119266754196 0.5785143116550799 0.024795143102473882 0.824069252855927 0.7924065856723562 0.42120461295720146 
