100
100
1	0	0	0	0	0	0	0.048	0	0	0	0	0	0	0	0	0	0	0	0	0	0	0	0	0	0	0	0	0	0	0	0.1816	0	0	0	0	0	0	0	0	0	0	0	0	0	0	0	0.48	0	0	0.1676	0	0	0	0	0.8038	0	0	0.0367	0	0	0	0	0	0	0	0	0	0	0	0.6671	0	0	0	0	0	0	0	0.0849	0.6402	0	0	0	0	0	0	0	0.3435	0	0	0	0	0	0	0	0	0	0	0	0
0	1	0	0	0	0	0	0	0	0	0	0	0.467	0	0	0	0	0	0	0	0	0	0.5163	0	0.4429	0	0	0	0	0	0	0	0	0	0.913	0	0	0	0	0	0	0.3281	0	0	0	0	0.2046	0	0	0	0	0	0	0.3975	0	0	0	0	0	0	0.4798	0	0	0.5567	0	0	0	0	0	0	0	0	0	0	0	0	0	0	0	0	0	0	0	0	0	0	0	0	0	0	0	0	0.1905	0	0	0	0	0	0	0
0	0	1	0	0	0.3011	0	0	0	0	0	0	0	0	0	0	0	0	0	0	0	0	0	0	0	0	0	0	0	0	0.7876	0	0	0	0.3023	0	0	0	0	0	0	0.3537	0	0	0.5094	0	0	0.2862	0	0	0.7635	0	0	0	0	0	0	0	0	0	0	0	0	0	0	0	0	0	0	0	0	0	0	0	0	0	0	0	0	0	0	0	0	0	0	0	0.6302	0	0	0	0	0	0	0	0	0.0489	0	0	0	0.1869
0	0	0	1	0	0	0.0772	0	0	0	0	0	0	0	0	0	0	0	0	0	0	0.6202	0	0	0	0	0	0	0	0	0	0	0	0	0	0	0	0.7057	0	0	0.2482	0	0	0	0	0	0	0	0	0	0	0	0	0	0	0	0	0	0	0	0	0.8578	0	0	0	0	0	0	0	0	0	0.983	0	0	0	0	0	0	0	0	0	0	0	0	0	0	0	0.7775	0.7928	0	0	0	0	0.6531	0	0	0	0.9627	0	0
0	0	0	0	1	0	0	0.4017	0	0.8699	0	0	0	0	0	0.9975	0	0	0	0	0	0	0	0.2268	0	0	0	0	0	0	0	0	0	0	0	0	0	0	0	0	0	0	0	0	0	0	0	0	0	0	0	0	0.1037	0	0	0	0	0	0	0	0	0	0	0	0.5445	0	0	0	0	0	0	0	0	0	0	0	0	0.6319	0	0	0	0	0	0	0	0	0	0.8315	0	0	0	0.935	0.0292	0	0	0	0	0	0	0
0	0	0	0.8608	0	1	0	0.0477	0	0	0	0	0	0	0	0	0	0.3125	0	0	0	0	0.0018	0	0	0	0	0	0	0	0	0	0	0	0	0	0	0	0	0	0	0	0	0	0	0	0.154	0.074	0.3847	0	0	0.6041	0	0	0	0	0	0	0	0	0	0	0	0	0	0	0	0	0	0	0	0	0	0	0	0	0	0	0	0	0	0	0	0	0	0	0	0	0	0	0.379	0	0	0	0	0.0942	0	0	0	0
0	0	0	0	0	0	1	0	0	0	0	0	0	0	0	0	0	0	0	0	0	0	0	0	0	0	0	0	0	0	0	0	0	0.6177	0	0	0.5836	0.2355	0	0	0	0	0	0	0	0	0	0	0	0	0	0	0	0	0	0	0	0	0	0	0	0	0	0	0	0	0	0	0	0	0	0	0	0	0	0	0.6837	0.9654	0	0	0	0.4072	0.0594	0.1994	0.1541	0	0	0	0.8751	0	0	0	0	0	0	0	0	0	0	0
0	0	0	0	0	0	0	1	0	0	0	0	0	0	0	0	0	0.8074	0	0	0	0	0.4695	0	0	0	0	0	0	0	0	0	0	0	0	0	0	0	0	0	0	0	0	0	0	0	0	0.7147	0	0.9297	0	0	0	0	0	0.5524	0	0	0.2237	0.4923	0	0	0	0	0	0	0	0	0	0	0	0	0	0	0	0	0	0	0.9094	0	0	0	0.7749	0	0	0	0	0	0	0	0	0	0	0	0	0.4493	0	0	0	0
0	0	0	0	0	0	0	0	1	0	0	0	0	0	0	0	0.5389	0	0	0	0	0	0	0	0	0	0	0	0	0.8604	0	0.9202	0	0	0	0	0	0	0	0	0	0	0	0	0	0	0	0	0	0	0	0	0	0	0.0872	0	0	0	0	0	0	0	0	0	0	0	0	0.6367	0.9621	0.0931	0	0	0.4704	0	0	0	0	0	0	0	0	0.1718	0	0	0	0	0	0.3557	0	0	0	0	0	0	0	0	0	0	0	0
0	0	0	0	0	0	0	0	0	1	0.1226	0	0	0	0.1586	0	0	0	0	0	0	0.6712	0	0	0	0	0	0	0	0	0	0	0	0	0	0	0	0	0	0	0	0	0	0	0	0	0	0	0	0	0	0	0	0	0	0	0	0	0	0.1972	0	0	0	0	0	0.4942	0	0.1349	0.7817	0	0	0	0.5819	0	0	0	0	0	0	0	0	0	0	0	0	0	0	0	0	0	0.0832	0	0	0	0	0	0.9163	0	0	0
0	0	0	0	0	0	0	0	0	0	1	0	0	0	0.9905	0	0	0	0	0	0	0	0	0	0	0	0	0	0	0	0	0.2663	0	0	0	0	0	0	0	0	0	0	0	0	0	0	0	0.8259	0	0	0.402	0	0	0	0	0	0.9382	0	0	0	0	0	0	0	0	0	0.7255	0	0	0	0	0	0	0	0	0	0	0	0	0	0	0	0	0	0	0	0	0	0	0	0.529	0	0	0	0	0.7876	0.3623	0	0.9636	0
0.0224	0	0	0	0	0	0	0	0	0	0	1	0	0	0	0	0	0	0	0	0	0	0	0	0.0615	0	0	0	0	0	0	0	0	0	0	0	0	0	0	0	0	0	0	0.822	0.6406	0	0	0	0	0	0	0	0	0	0	0	0	0	0	0	0.2443	0	0	0	0	0	0	0	0	0	0.9295	0	0	0.3323	0	0	0.5792	0	0	0	0	0	0	0.8491	0	0	0	0	0	0	0	0	0	0	0	0	0	0	0.298	0
0.407	0	0	0	0	0	0	0	0	0	0	0	1	0	0	0	0	0	0	0	0	0	0	0	0	0	0	0	0	0	0	0	0.8177	0	0	0.8308	0	0	0	0	0	0	0	0	0	0	0	0	0	0	0	0	0	0	0	0	0	0.7811	0	0	0	0	0	0	0	0	0	0.9126	0	0	0	0	0	0	0.3243	0	0	0	0	0.0741	0.442	0	0.6405	0	0	0	0	0	0	0	0	0	0	0	0.5668	0	0	0	0	0
0	0	0	0	0	0	0	0	0	0	0	0	0	1	0	0	0	0	0	0.1832	0	0	0.7859	0	0	0	0	0	0	0.3885	0	0	0	0	0	0	0	0	0	0	0	0	0	0.6492	0	0	0	0	0	0	0	0	0	0	0	0	0	0	0	0	0.0375	0.8109	0	0	0	0	0	0	0	0	0	0	0	0.5998	0	0	0	0	0.5036	0	0	0	0	0	0	0	0	0	0	0	0	0	0	0	0	0	0	0.5163	0.3397	0
0	0	0	0	0	0	0	0	0	0.2689	0	0	0	0	1	0.6408	0	0	0	0	0	0	0	0	0	0	0	0	0	0	0	0	0	0	0	0	0.7285	0	0	0	0.5167	0	0	0	0.6125	0	0	0	0	0	0	0	0	0	0	0	0	0	0	0	0	0.4408	0	0	0.3306	0	0	0	0	0	0	0	0	0	0	0	0	0.6998	0	0	0	0	0	0	0	0	0.3294	0	0	0	0.3097	0	0	0	0	0	0	0	0	0
0	0	0	0	0	0.7768	0.2349	0	0	0	0	0.7917	0	0	0	1	0	0	0	0	0	0	0	0	0	0	0	0	0	0	0	0	0	0	0	0	0	0.3249	0	0.4749	0	0	0	0	0	0	0	0	0.5672	0	0	0	0	0	0	0	0	0	0.6438	0	0	0	0	0.7929	0	0	0	0	0	0	0	0	0	0	0	0	0	0	0	0	0	0	0	0	0.2595	0	0	0.9842	0	0	0	0	0	0	0	0	0	0	0	0
0	0	0	0	0	0	0	0	0	0	0	0	0	0	0	0	1	0	0	0.7355	0	0	0	0	0	0	0	0	0	0	0	0	0	0	0.3352	0	0.7814	0	0	0.3448	0	0	0.6653	0	0	0	0	0	0	0	0	0	0	0	0	0	0	0	0	0	0	0	0	0	0	0	0	0	0	0	0	0	0.0378	0	0	0	0	0	0.9219	0	0.7889	0	0	0	0	0.1607	0	0	0	0	0	0	0.1632	0	0	0	0	0	0	0
0	0	0	0	0	0	0	0	0.7855	0	0	0	0	0	0	0	0	1	0	0	0	0	0	0	0	0	0	0	0	0	0	0	0.7172	0	0	0	0	0	0	0	0	0	0	0	0.9489	0	0	0	0	0.2659	0	0	0	0	0.9514	0	0	0	0.343	0	0	0	0	0	0	0	0	0.4979	0	0	0	0	0	0	0	0	0.7797	0	0	0	0	0	0	0	0	0	0	0	0.8914	0	0	0	0	0.9856	0	0	0	0	0	0
0	0	0	0	0	0	0	0	0	0	0	0	0	0	0	0	0	0	1	0	0	0	0	0	0	0	0	0	0	0	0	0	0	0	0	0	0	0.8225	0	0	0	0	0.4452	0	0	0	0	0	0	0	0	0	0	0	0	0.2574	0	0	0	0	0	0	0	0	0	0	0.8351	0	0	0	0	0	0	0	0.975	0.5211	0	0	0	0	0.5326	0	0	0	0.4362	0	0	0	0	0.2209	0	0	0	0.5051	0	0	0	0	0	0
0	0	0.0203	0	0	0	0	0	0	0	0	0	0	0	0	0	0	0	0	1	0.36	0	0	0	0	0	0.5497	0	0	0	0	0	0	0.7374	0	0	0	0	0	0	0.6003	0	0	0	0.0672	0	0.7388	0	0.4382	0	0	0	0	0	0	0	0	0	0	0	0	0	0	0	0	0	0	0	0	0	0	0	0	0	0	0	0	0	0	0	0	0	0	0.61	0	0	0	0	0	0	0	0	0	0	0.041	0	0	0	0	0
0	0	0	0	0	0	0	0	0	0	0	0	0.8931	0	0	0	0	0.8282	0	0	1	0	0	0	0	0.7542	0	0	0	0	0.1059	0	0	0	0	0	0	0.1141	0	0	0	0	0	0	0	0	0	0	0	0	0	0	0	0	0	0	0	0	0	0.4755	0	0	0.3146	0	0.6772	0	0	0	0	0	0	0	0	0	0.2099	0	0	0	0	0	0	0	0	0	0	0	0	0	0	0	0	0	0	0	0	0	0	0	0	0.3206
0	0	0	0	0	0.8541	0	0	0.2161	0	0	0	0	0	0	0	0	0	0	0	0.3085	1	0	0	0	0	0.9128	0.8443	0	0	0	0	0	0	0	0.0751	0	0	0	0	0	0	0	0	0	0	0	0	0	0	0	0	0	0	0	0	0	0	0	0	0	0	0	0	0	0	0	0	0	0.1044	0	0	0	0	0.3618	0	0	0	0	0	0	0	0	0	0	0.2033	0	0	0	0	0	0	0.7697	0	0	0	0	0	0	0
0.3049	0	0	0	0.2265	0	0	0	0.9081	0	0	0	0	0	0	0	0.4131	0	0	0	0	0	1	0.6333	0	0	0	0	0	0.8884	0	0	0	0	0	0	0	0	0	0	0	0	0	0	0	0	0	0	0	0	0.4256	0	0	0	0	0	0	0	0	0	0	0	0	0	0	0	0.7244	0	0	0	0	0	0	0	0	0	0	0	0	0	0	0	0	0	0	0	0	0	0	0.4005	0	0	0	0	0	0	0.6874	0	0	0
0	0	0	0	0	0	0	0	0	0.3578	0	0	0	0	0	0.3879	0	0	0	0	0	0	0	1	0	0	0	0	0	0.6625	0	0	0	0	0	0	0	0	0	0	0	0	0	0	0	0.4648	0	0	0	0	0	0	0	0	0	0	0	0	0	0	0	0	0	0	0.3216	0	0	0	0	0	0	0.2466	0.2545	0	0	0	0	0	0	0	0	0	0	0	0	0	0	0.5123	0	0	0.0462	0	0	0	0	0	0.3303	0	0	0
0	0	0	0	0	0.9356	0	0	0	0	0	0	0	0.3048	0	0	0	0	0	0	0	0	0	0	1	0	0	0	0	0	0	0	0	0	0	0	0.4376	0.9004	0	0	0	0	0	0	0	0	0	0	0	0	0.3058	0	0	0	0	0	0	0	0	0	0	0	0	0	0	0	0.9426	0	0.1055	0	0	0	0	0.1943	0	0.81	0	0	0	0	0	0	0	0	0.332	0	0	0	0	0	0	0	0	0	0	0	0	0	0	0
0	0	0	0	0	0	0	0	0	0	0	0.0154	0	0.0105	0	0.3157	0	0	0	0	0	0	0	0	0	1	0	0	0	0	0	0.4513	0	0	0	0	0	0	0	0	0	0	0	0	0	0	0	0	0	0	0	0	0	0	0	0	0	0.6477	0	0	0	0	0.5024	0	0	0	0	0.797	0	0	0	0	0	0	0	0	0	0	0.8947	0	0	0.6125	0	0	0	0	0	0	0.4479	0	0	0	0	0	0	0	0	0	0	0
0	0	0	0.1069	0	0	0	0	0	0	0	0	0	0	0	0	0	0.776	0	0	0	0	0	0.9016	0.8268	0	1	0	0	0	0	0	0	0.6136	0	0	0	0	0	0	0.6544	0	0	0.1907	0	0	0	0	0	0	0	0	0	0	0	0	0	0.8392	0	0	0	0	0	0	0.3192	0	0	0	0.9	0	0	0	0	0	0	0	0	0	0	0	0	0	0	0	0	0	0	0	0	0	0	0	0	0	0	0	0	0	0	0
0	0	0	0	0	0	0	0	0	0	0	0	0.0359	0.4721	0	0	0	0	0	0	0	0	0	0	0	0	0	1	0.0848	0	0	0	0	0	0	0	0	0	0.3689	0	0	0	0	0	0.9063	0	0	0	0	0	0	0	0	0.8046	0	0	0	0	0	0.5036	0	0.6118	0	0	0	0	0	0	0	0	0	0	0	0	0.4999	0	0	0	0	0	0	0	0	0	0	0	0	0	0	0.8718	0	0	0	0	0	0	0	0	0	0
0.0655	0	0	0	0	0	0	0	0	0	0	0	0	0	0	0	0	0	0	0	0	0	0	0	0	0	0	0	1	0	0	0.9695	0.738	0	0	0.2163	0	0	0	0	0	0	0	0	0	0	0	0	0	0	0	0	0	0	0	0.5396	0	0	0	0	0	0	0	0.6286	0	0	0	0	0	0.0647	0	0	0	0	0	0	0	0	0	0.6238	0.2395	0	0	0	0	0	0.9202	0	0	0	0	0	0	0	0	0	0	0	0	0
0	0	0.9371	0	0	0	0	0	0	0	0	0	0	0.7937	0.1967	0	0	0	0	0	0	0	0.238	0	0	0	0	0	0	1	0	0	0	0	0	0	0	0	0	0	0	0	0	0	0	0	0	0	0	0	0.4599	0	0	0	0	0	0	0	0	0	0	0	0	0	0	0	0.4499	0	0	0	0	0	0	0	0	0	0.0154	0	0	0	0.8793	0	0.2701	0	0	0	0	0	0	0	0	0	0	0	0	0	0	0	0	0.0958
0	0	0.4706	0	0	0	0	0	0	0	0	0	0	0	0	0	0	0	0	0	0	0	0	0	0	0	0	0	0	0.8756	1	0	0	0	0	0	0	0.6718	0	0	0	0.6565	0	0	0	0	0	0	0	0	0	0	0	0	0	0	0.7143	0	0.9231	0	0	0	0	0	0	0	0	0	0	0	0	0	0	0	0	0	0	0	0	0	0	0	0	0	0	0	0.2446	0	0	0.2398	0	0	0	0	0.9269	0	0.0629	0	0	0
0	0	0	0	0	0.6742	0	0	0	0	0	0	0	0	0	0	0	0	0	0	0	0	0	0	0	0	0	0	0.9395	0	0.7981	1	0	0	0	0	0.8218	0	0	0	0.8761	0	0	0	0	0	0	0	0	0	0	0	0	0	0	0	0	0	0	0	0.6242	0	0	0.1093	0	0	0	0.3228	0	0	0	0	0	0	0	0	0	0	0	0	0	0	0	0	0	0	0	0	0.6415	0	0	0.3936	0	0	0	0	0	0	0	0
0	0	0	0	0	0	0	0	0	0	0	0	0	0	0	0	0	0	0	0	0	0	0	0	0	0	0	0	0	0.4477	0	0.2059	1	0	0	0	0	0	0	0	0	0	0	0	0	0.7429	0	0	0	0	0	0	0	0.8406	0	0	0	0	0	0	0	0	0	0.4295	0	0	0	0	0	0	0	0	0.532	0	0	0	0	0	0	0	0	0.6629	0	0	0	0	0	0	0.7558	0	0	0	0	0	0	0	0.5207	0	0.3053	0
0	0	0	0	0	0	0	0	0	0	0	0	0.7287	0	0	0	0	0	0	0	0	0	0	0	0	0	0	0	0	0	0	0	0	1	0	0	0	0	0	0	0	0	0	0	0.9725	0	0.726	0	0.8972	0	0	0	0	0	0	0	0	0	0	0	0	0	0	0	0	0.2952	0.5973	0	0	0	0	0	0	0	0	0	0	0	0	0	0	0.4659	0	0	0	0	0	0	0.0264	0	0	0	0	0	0.7049	0	0	0	0	0.085
0	0	0	0	0	0	0	0	0	0	0	0	0	0	0	0	0	0	0	0	0	0	0	0	0.6461	0	0	0	0.5534	0	0	0	0	0	1	0	0.3852	0.9958	0	0	0	0	0.4638	0	0	0	0	0	0	0	0.2561	0	0	0	0	0	0	0.0873	0	0	0	0	0	0	0	0	0	0	0	0	0	0.0244	0	0	0	0	0	0.0144	0	0	0	0	0	0	0	0	0	0	0	0	0	0.9985	0	0	0	0	0	0	0	0
0.2647	0.7249	0	0.3571	0	0	0	0	0	0	0	0	0	0.3274	0	0	0	0	0	0	0	0	0	0	0	0	0	0	0	0	0	0	0	0.1176	0.1931	1	0.2358	0.9629	0	0	0	0	0	0	0	0	0	0	0	0	0	0	0	0	0	0	0	0	0	0	0	0	0	0	0	0	0	0	0	0	0	0	0	0	0.051	0	0	0	0	0	0	0	0	0	0	0	0	0	0	0	0	0	0	0	0	0.7259	0	0	0	0
0	0	0	0.8658	0	0	0	0.9693	0	0	0	0	0	0	0	0	0	0	0	0	0	0	0	0	0	0	0.0188	0	0	0	0	0	0	0	0	0	1	0	0	0	0	0	0	0	0	0	0	0	0.6571	0	0	0	0	0	0.7731	0	0.6607	0	0	0	0.4692	0	0	0	0	0.7902	0	0	0	0	0	0	0	0	0	0	0	0	0	0	0	0	0	0	0.2998	0	0.8687	0	0	0	0	0	0	0	0	0	0	0	0	0
0	0	0	0	0	0	0	0	0	0	0.5189	0	0	0	0	0	0	0	0	0	0	0	0	0	0	0	0	0	0	0	0	0	0	0	0	0	0	1	0	0	0.3492	0	0	0	0.9664	0	0	0	0	0	0	0	0	0	0	0	0	0	0	0	0	0	0	0	0	0	0.2229	0.4131	0	0	0	0	0	0	0	0.7091	0.2483	0	0	0	0	0	0	0.1504	0	0	0	0.1295	0	0	0	0	0.8907	0	0	0	0	0	0	0
0	0	0.8473	0	0	0	0	0.1101	0	0	0	0	0	0	0	0.5279	0	0	0	0	0	0	0	0	0	0	0.639	0.5986	0	0	0	0	0.7001	0	0	0	0	0	1	0	0	0.7117	0.6682	0	0	0	0	0	0	0	0	0	0	0	0	0	0	0	0	0	0	0	0	0	0	0.4966	0	0	0	0	0	0	0	0	0	0	0	0	0	0	0	0	0	0	0	0	0	0	0	0	0	0	0	0	0	0.6768	0	0	0	0
0.1129	0	0	0.6829	0	0.2535	0	0	0	0	0	0.7131	0	0	0	0	0	0	0	0	0	0	0	0	0	0	0	0	0	0	0	0	0	0	0	0	0	0.8711	0	1	0	0.3998	0	0	0	0	0.629	0	0	0	0	0	0	0	0	0	0	0	0	0	0	0	0	0	0	0	0	0	0	0	0	0	0	0	0	0	0	0	0	0	0	0	0	0	0.9189	0	0	0	0	0	0	0.3434	0	0	0	0	0	0	0	0.7267
0	0	0	0	0	0	0	0	0	0	0	0	0	0	0	0	0	0	0	0	0	0	0	0	0	0	0.4766	0	0	0	0	0	0	0	0	0	0	0	0	0	1	0.6974	0	0	0	0	0	0	0	0	0	0	0.8581	0	0	0	0.7723	0	0	0	0	0	0.2386	0.8011	0	0	0	0	0	0	0	0.5254	0	0	0	0	0.7264	0	0	0	0	0	0	0	0.682	0	0.4818	0	0	0	0	0	0	0	0	0	0	0	0	0
0	0	0	0	0	0	0	0	0	0	0	0	0.1106	0	0	0	0	0	0	0	0	0	0	0	0	0	0	0	0	0	0	0	0	0.252	0	0	0	0	0	0	0	1	0	0	0	0	0.8581	0	0	0.325	0	0	0	0	0	0	0	0	0.2449	0.7654	0	0	0	0	0.7457	0	0	0	0	0	0.5761	0.9703	0	0	0	0	0	0	0	0	0	0	0	0	0.3825	0	0	0	0	0	0	0	0	0	0	0	0	0	0	0
0	0	0	0	0	0	0.2553	0	0	0.9685	0.1112	0	0	0	0	0	0	0	0	0	0	0	0.6997	0	0	0	0	0	0	0	0	0	0	0	0.5054	0	0	0	0	0	0	0	1	0	0	0	0	0	0	0	0	0	0	0	0.0392	0	0	0	0	0	0.9955	0	0	0	0	0	0	0	0	0	0	0	0	0	0	0	0	0	0.3288	0	0	0	0	0	0	0	0	0.9945	0	0.4714	0	0	0	0	0	0	0	0	0	0
0.953	0	0	0	0	0	0	0	0.6795	0	0	0	0	0	0	0.5268	0	0	0	0	0	0	0	0	0	0.4176	0	0	0	0	0	0	0	0	0	0	0	0	0	0	0	0	0	1	0	0	0	0	0	0	0	0.3699	0	0.0211	0	0	0	0	0	0	0	0	0	0	0	0	0	0	0	0	0	0	0	0	0.0491	0	0	0	0	0	0	0	0	0.7229	0	0	0	0	0	0	0	0.006	0	0	0	0.8016	0	0	0	0
0	0	0	0.4646	0.3662	0.3408	0	0.908	0	0	0	0	0	0	0	0	0	0	0	0.9326	0	0	0	0	0	0	0	0	0	0	0	0	0	0	0	0	0	0	0	0	0	0	0	0	1	0.9283	0	0	0	0	0	0	0	0	0	0	0	0	0	0	0	0	0	0	0	0	0	0	0	0	0	0	0	0	0	0	0	0	0	0	0	0	0	0	0	0	0	0	0.6303	0.2193	0	0	0.1284	0	0	0	0	0	0	0.6646
0	0	0	0	0	0	0	0	0	0	0	0	0.3048	0.9909	0.4151	0	0	0	0	0	0	0	0	0	0	0	0	0	0	0	0	0	0	0	0	0	0	0	0	0	0	0	0	0	0	1	0	0.1341	0	0	0	0	0	0	0.8931	0	0	0	0.3112	0	0	0	0	0	0	0	0	0	0	0	0.8538	0	0	0	0	0	0	0	0	0	0	0	0	0	0	0	0	0	0.3808	0.301	0	0	0.64	0	0	0	0	0	0	0
0	0	0	0	0	0	0	0	0	0	0	0.1359	0.6489	0.0945	0	0	0	0	0	0	0	0	0	0	0	0	0	0	0	0	0	0	0	0	0	0	0	0	0	0	0	0	0	0.9497	0	0	1	0	0	0	0	0	0	0	0	0	0	0	0	0	0	0	0.5408	0	0	0	0.1391	0	0	0	0	0	0	0	0	0.0831	0	0	0	0.5627	0	0	0	0	0	0.2973	0.8206	0	0	0	0	0	0	0	0	0	0	0	0	0
0	0	0	0	0	0	0	0.6281	0	0	0	0	0	0	0	0	0	0	0	0	0	0	0	0	0	0	0	0	0	0	0	0	0	0	0	0	0	0	0	0	0	0	0	0	0	0	0	1	0.6372	0	0	0.0116	0.3006	0	0	0	0	0	0	0	0	0	0	0	0	0	0	0	0	0	0	0	0	0	0	0	0.9953	0	0	0.3271	0.9245	0.2689	0	0	0	0	0	0	0	0	0.3475	0	0	0	0	0	0	0	0	0.8278
0	0	0	0	0	0	0	0	0	0	0	0	0	0	0	0	0.1666	0	0	0	0	0	0	0	0	0	0.6038	0	0	0	0	0	0	0	0	0	0	0	0	0.664	0	0	0	0	0	0	0	0	1	0.6357	0	0	0	0.5066	0	0.2793	0	0	0	0	0	0	0	0.7407	0.1508	0	0	0	0	0	0	0	0	0	0	0	0	0.6614	0	0	0	0	0.3084	0	0	0	0	0	0	0	0	0	0	0	0	0	0	0	0	0
0	0	0	0	0	0	0	0	0	0.3859	0.5903	0	0	0	0	0	0	0	0	0	0	0	0	0.9718	0	0	0	0	0	0	0	0.9276	0	0	0	0	0	0	0	0	0.3654	0	0.8213	0.12	0	0	0	0	0.0819	1	0	0	0	0	0	0	0	0	0	0	0	0	0	0	0	0	0	0	0	0	0	0	0	0	0	0	0	0	0	0	0	0	0	0	0	0	0	0	0.255	0	0	0	0	0	0	0	0.1969	0	0	0
0	0	0	0	0	0	0.9848	0	0.0585	0	0	0	0	0	0	0	0	0	0	0	0	0	0	0	0	0	0	0	0	0	0	0	0	0	0	0	0	0	0	0	0	0.1234	0	0	0	0	0	0	0	0.6329	1	0.7203	0	0	0	0	0.4606	0	0	0	0	0	0	0	0	0	0	0	0	0	0.5711	0.1246	0	0	0	0	0	0	0	0	0	0	0	0	0.654	0	0.7992	0	0	0	0	0	0	0	0	0	0	0	0	0
0	0	0.4467	0	0	0	0	0.4624	0	0	0	0	0	0	0	0	0	0	0	0	0	0	0	0.3652	0	0	0	0.0979	0	0	0	0	0	0	0.3455	0	0	0	0	0	0	0	0	0	0	0	0	0	0	0	0	1	0	0	0	0	0	0	0	0	0	0	0	0	0.7147	0	0	0.4764	0.8412	0	0	0	0	0	0	0	0	0	0	0	0	0	0	0	0	0	0	0	0.5895	0	0	0.5876	0	0	0	0	0	0	0	0
0	0	0	0	0	0	0.0831	0	0	0	0	0	0	0.2512	0	0	0	0	0	0	0	0	0	0	0	0	0	0	0	0	0	0	0	0	0	0	0	0	0	0	0	0	0	0	0	0	0	0	0	0	0	0.8396	1	0	0	0	0	0	0	0	0.8904	0	0	0	0.5791	0	0	0	0	0.984	0	0	0	0	0	0.7117	0	0	0	0	0	0	0.1316	0	0.1832	0	0	0	0	0	0	0	0	0	0.8273	0	0	0	0	0
0	0	0	0	0	0	0.3863	0	0	0	0	0	0	0	0	0	0	0	0	0	0	0	0	0	0	0	0	0	0	0.2105	0	0	0	0	0	0	0	0	0	0	0	0	0	0.7732	0	0	0	0	0	0	0	0	0.4131	1	0	0.1884	0	0	0	0	0	0	0	0	0	0	0	0.8419	0	0	0	0	0	0	0	0	0	0	0	0	0	0	0.8401	0	0	0	0	0.2027	0.3317	0	0.8968	0	0	0	0	0	0	0	0	0
0	0	0	0	0	0	0	0	0	0	0	0	0	0	0	0.507	0	0	0	0	0	0	0.7928	0	0	0	0	0	0	0	0	0	0	0	0	0.7847	0	0	0	0	0	0	0	0	0	0.3458	0	0	0	0	0	0	0	0.553	1	0	0	0.0798	0	0	0	0.2463	0	0	0	0	0	0	0	0	0	0	0	0	0	0	0	0	0.8837	0	0	0	0	0	0	0	0	0	0	0	0	0.4528	0.5028	0	0	0	0	0	0	0
0	0	0	0	0	0	0	0	0	0	0	0.7816	0	0	0	0	0	0.9321	0	0	0.4076	0	0	0.6734	0	0.4843	0	0	0	0	0	0	0	0	0	0	0	0	0	0	0	0	0	0	0	0	0	0	0	0	0	0	0	0	0	1	0	0	0	0	0	0	0	0	0	0	0	0	0	0	0	0	0	0	0	0	0	0	0	0.0349	0.657	0	0	0	0	0	0	0	0	0	0.7082	0.9716	0	0	0.9694	0	0	0	0	0
0	0	0	0	0.9952	0	0.035	0	0	0	0	0.3993	0	0	0.2364	0	0	0	0	0	0	0	0	0	0	0	0	0	0	0	0	0	0	0	0	0.3987	0	0	0	0	0	0	0	0	0	0	0	0	0	0.1312	0.2134	0	0	0	0	0	1	0	0	0.8176	0	0	0	0	0	0	0	0	0	0	0	0	0.0874	0	0	0	0	0	0	0	0	0	0	0	0	0	0	0	0	0	0.267	0	0	0	0	0	0	0	0	0
0	0	0	0	0	0	0	0	0	0	0	0	0	0	0	0	0	0	0.906	0	0.6763	0	0	0	0	0	0	0	0	0	0	0	0	0	0	0.113	0	0	0	0	0	0.6996	0	0	0	0	0	0	0.2471	0	0	0.648	0	0	0	0	0	1	0.5972	0	0	0	0	0	0	0	0	0.1804	0	0	0	0	0	0	0	0	0	0	0	0.2405	0	0	0	0	0	0	0	0	0	0	0.5513	0	0	0	0	0	0	0	0	0
0	0	0	0.1396	0	0	0	0	0	0	0	0.3368	0.0739	0	0	0	0	0	0	0	0	0.0164	0	0	0	0	0	0	0	0	0	0	0	0	0	0	0	0	0	0	0	0	0	0	0	0	0	0	0	0	0	0	0	0	0	0	0	0	1	0.5332	0.4247	0	0	0	0	0	0	0	0	0.9544	0	0	0	0	0	0	0	0	0	0	0	0	0	0	0	0.1971	0	0	0	0.7405	0	0	0	0	0	0.6418	0	0	0	0
0	0	0.7364	0.04	0	0	0	0	0	0	0	0	0	0	0	0	0	0	0	0	0	0	0	0	0	0	0	0	0	0	0	0	0.3069	0	0	0	0	0.0823	0	0	0	0	0	0	0	0	0.029	0	0	0	0	0	0	0	0	0	0	0	0	1	0	0	0	0	0	0	0.5316	0	0	0	0	0	0	0	0	0	0.1154	0	0	0	0.6886	0	0	0	0	0	0	0	0	0	0	0.3943	0	0	0	0.0174	0	0	0	0
0	0	0	0	0.7257	0	0	0	0	0	0	0	0	0	0	0	0	0.1694	0	0	0	0	0	0	0	0.0148	0	0	0.9724	0	0	0	0	0	0	0	0.6844	0	0	0	0	0	0	0	0	0	0	0	0	0	0	0	0	0	0	0	0	0	0	0	1	0	0	0	0	0	0	0	0	0	0	0	0	0	0	0.569	0	0.6752	0	0	0	0	0.064	0	0	0	0	0	0.3844	0	0	0	0	0	0	0	0.8009	0	0	0
0.9402	0.8382	0	0	0	0	0	0	0	0	0	0	0	0	0	0	0.0239	0	0	0	0	0	0	0	0	0	0	0	0	0	0	0	0	0.7554	0	0	0	0	0	0	0	0	0	0	0	0	0	0	0	0	0	0	0	0	0.3009	0	0.4068	0.2887	0	0	0	1	0	0	0	0	0	0.8418	0	0	0	0	0	0	0	0	0	0.5443	0	0	0	0	0	0	0	0	0	0	0	0	0	0	0.1444	0	0	0	0	0	0	0
0	0	0.7868	0	0	0	0	0	0	0	0	0	0	0	0	0	0	0.6911	0	0	0	0	0	0.5665	0	0	0.8277	0	0	0	0	0	0	0	0	0	0	0	0	0	0	0	0	0	0	0	0	0	0	0	0.6496	0	0	0	0	0	0	0.6123	0	0	0	0	1	0	0	0	0	0.7463	0.6285	0	0	0	0	0	0	0	0	0	0	0	0	0	0	0.4955	0	0	0	0	0	0	0	0.5637	0	0	0	0	0	0	0	0
0	0	0	0	0	0	0	0	0	0	0	0	0	0	0	0	0	0	0	0	0	0	0	0	0	0	0.4612	0	0	0	0	0	0	0	0	0	0.3328	0.7494	0.1951	0	0	0	0	0	0	0	0	0	0	0	0	0	0.4905	0	0	0.9855	0	0.4921	0	0	0	0	0	1	0	0	0	0.4926	0	0	0	0	0	0	0	0	0	0	0	0	0	0	0	0	0	0	0	0	0	0	0.1731	0	0	0	0	0	0	0	0.7094	0
0	0	0	0	0	0	0	0	0	0	0	0	0	0	0	0	0	0	0.0882	0	0	0	0	0	0	0.7665	0.3601	0.8499	0	0	0	0	0	0	0	0	0	0	0	0	0	0	0	0.6245	0	0.0805	0	0	0	0	0	0	0	0	0	0	0	0	0	0	0.0121	0	0	0	1	0	0	0	0	0	0	0	0	0	0	0	0	0	0.1209	0	0	0	0.8688	0	0	0	0	0.4185	0	0	0	0	0	0	0	0	0	0	0	0
0	0	0	0	0	0	0	0	0	0	0.5353	0	0	0	0	0	0	0	0	0	0	0	0	0	0	0	0	0	0	0	0	0	0	0	0	0	0.1319	0	0	0	0	0	0	0	0	0	0	0	0	0	0	0.4063	0	0	0	0	0	0	0	0	0	0	0	0	0	1	0	0	0	0	0	0.567	0	0	0	0	0	0	0	0	0	0.4154	0	0	0	0	0	0	0	0	0	0.3511	0.6462	0	0.7591	0	0	0.5307	0	0.7182
0	0.5311	0	0	0	0.8365	0	0	0	0	0	0	0	0.7477	0	0	0	0	0	0	0	0.1468	0.7982	0	0.8432	0	0	0	0	0	0	0	0	0	0	0	0	0	0	0	0	0	0	0	0	0	0	0	0	0	0	0.4437	0	0	0	0	0	0	0	0	0	0	0.9912	0	0	0	1	0.751	0	0	0	0	0	0	0	0	0	0	0	0	0	0	0	0	0	0	0	0	0	0	0	0	0	0	0	0	0	0	0.8864	0
0	0	0	0.1482	0	0.3898	0	0	0	0.6604	0	0	0	0	0	0	0	0	0	0	0	0	0	0	0	0	0.6762	0	0.4687	0	0	0	0	0	0	0	0	0	0	0	0	0	0	0	0	0	0	0	0	0	0.8773	0.6428	0	0	0	0	0.9011	0	0	0	0	0	0	0	0.1713	0	0	1	0	0	0	0	0	0	0	0	0	0	0	0	0	0	0	0	0	0	0	0	0	0	0	0	0	0	0	0	0	0	0	0.8852
0	0	0	0	0	0	0	0	0	0	0.2866	0	0	0	0	0	0	0	0	0	0	0	0	0	0	0	0	0	0	0	0	0.8581	0	0	0	0	0	0.9198	0	0	0	0.8123	0	0	0	0.1012	0	0	0	0	0	0	0	0	0.4972	0	0.2457	0	0	0	0	0	0	0	0	0	0	0	1	0	0	0	0.3734	0	0	0	0	0	0	0	0	0	0	0	0	0	0	0	0	0	0	0.0337	0.1664	0	0	0	0	0	0	0
0	0	0	0	0	0	0	0	0	0	0	0	0	0	0	0	0	0	0	0	0.981	0	0	0	0	0	0	0	0	0	0	0	0	0	0	0	0.8924	0.369	0	0	0.3495	0	0	0	0	0.991	0	0	0	0	0	0	0	0	0	0.5056	0	0	0	0.8442	0	0	0	0	0	0	0	0	0	1	0	0	0	0	0	0	0	0	0	0	0	0	0.1092	0	0	0	0.4101	0	0	0	0	0	0.9706	0	0	0	0	0	0	0
0.4723	0	0	0	0.78	0	0	0	0	0	0	0	0	0	0	0	0	0	0	0.6303	0	0	0	0	0	0	0	0	0	0.4185	0	0	0	0	0	0	0	0	0	0	0	0	0	0	0	0.1966	0.7238	0.4294	0	0	0	0.4807	0	0	0	0	0	0	0	0	0	0	0	0	0	0	0	0	0	0	1	0	0	0	0	0	0	0	0	0	0	0	0	0	0	0	0	0	0	0	0	0	0.734	0	0	0	0	0.9195	0	0
0	0	0	0	0	0	0	0	0	0	0	0	0	0	0	0	0.564	0	0	0	0	0	0	0.7895	0	0	0	0	0.7104	0	0	0	0	0	0	0.7632	0	0	0	0	0	0	0	0	0	0	0	0	0.0249	0	0	0	0	0	0	0	0.0019	0	0	0	0.9384	0	0	0	0	0	0	0	0	0	0	1	0	0	0	0	0	0	0	0	0	0	0	0	0	0	0.346	0	0.7197	0	0.4193	0	0	0	0	0	0	0	0	0
0	0	0	0	0	0	0	0	0	0	0	0	0	0	0	0	0.62	0	0	0	0	0	0	0	0	0	0.8246	0	0.7693	0	0	0	0	0.343	0	0	0	0	0	0	0	0.4897	0	0	0	0	0	0	0.8296	0	0	0	0	0	0	0	0	0	0	0.143	0	0	0	0	0	0	0	0	0	0	0	0	1	0	0	0	0	0	0	0	0	0	0	0	0	0.4968	0	0	0	0	0	0	0	0	0	0	0	0	0.3905	0.0553
0	0	0	0	0	0	0	0	0	0	0	0	0	0	0	0	0	0	0	0	0	0.2765	0	0.8516	0	0.8242	0	0	0	0	0	0	0	0	0.0167	0	0	0	0	0	0.6169	0	0	0	0.328	0	0	0	0	0	0	0	0	0	0	0	0	0	0	0	0	0	0	0	0.0216	0	0	0	0	0.6816	0	0	0	1	0.593	0	0	0	0	0	0	0	0	0	0	0	0	0	0	0	0	0	0	0	0.1878	0	0	0	0	0
0	0	0	0	0	0	0	0	0	0.9016	0	0	0	0	0	0	0	0	0	0	0	0	0	0.4005	0	0	0	0	0	0	0	0	0	0	0	0	0	0	0	0	0	0.8871	0	0	0	0	0	0	0	0	0	0	0	0	0	0	0.0321	0	0	0	0	0	0	0	0	0	0	0	0	0.1187	0	0	0.4818	0	1	0	0	0	0	0	0	0	0	0	0.4676	0	0	0	0	0	0	0	0.0546	0.7364	0	0	0	0.1003	0	0
0	0.5918	0	0	0	0.5271	0	0	0.7352	0	0	0	0	0	0.809	0	0	0	0	0.4052	0	0	0	0	0	0	0	0	0	0	0	0	0	0	0.466	0	0	0	0	0	0	0	0	0	0	0	0	0.3207	0	0	0	0	0	0	0	0	0	0	0	0	0	0	0	0	0	0	0	0	0.128	0	0	0.8309	0	0	0	1	0	0	0.6731	0	0	0	0	0	0	0	0	0	0	0	0	0	0	0	0	0	0	0	0	0
0	0	0	0	0	0	0	0	0	0	0	0	0	0.3061	0	0	0.6975	0	0	0	0.9889	0	0	0	0	0	0	0	0	0	0	0	0	0	0.4683	0	0	0	0	0	0	0.2115	0	0	0	0	0.9218	0	0	0	0	0	0	0.1479	0	0	0	0	0	0.0852	0	0	0	0	0.1093	0	0	0	0	0	0	0	0	0	0	0	1	0	0	0	0	0	0	0	0	0	0	0	0	0	0	0	0	0.0774	0	0	0	0	0	0
0	0	0	0	0	0	0	0	0	0	0	0	0	0	0	0	0.9129	0	0	0	0	0	0	0	0	0	0	0	0	0	0	0	0	0	0	0	0	0	0	0	0	0	0	0	0	0	0	0	0.1846	0.9361	0	0	0	0	0	0.0184	0	0	0	0	0.8331	0	0	0	0	0	0	0	0	0	0.7431	0	0	0	0	0	0	1	0.0086	0	0	0	0	0	0	0	0	0.567	0.4865	0.8554	0	0	0	0	0	0	0	0	0	0
0	0	0	0	0	0	0	0	0	0	0	0	0	0	0.6007	0	0	0	0	0	0	0	0	0	0	0.7048	0	0	0	0	0	0	0	0	0	0	0	0	0	0	0	0	0	0	0	0	0	0.0232	0	0	0	0	0	0	0	0	0	0.0147	0	0	0	0.0333	0	0	0	0	0	0.254	0	0	0	0	0	0	0	0	0	0	1	0	0	0	0	0	0	0	0.2799	0	0.9218	0	0	0	0	0.5506	0	0	0	0	0.4311	0
0	0	0	0	0	0.4877	0	0	0	0	0	0	0	0	0.2724	0	0	0.3181	0	0	0	0	0.4195	0	0	0	0	0	0	0	0	0	0	0	0	0	0	0	0	0	0	0	0	0	0.0789	0	0	0	0	0	0	0.0334	0	0	0	0	0	0	0.98	0	0	0	0	0	0	0	0.4238	0	0	0	0	0	0.0485	0	0	0	0	0	0	1	0.1758	0	0	0	0	0	0	0	0	0	0	0	0	0	0	0	0	0	0	0
0	0	0	0	0	0	0	0	0.8861	0	0	0	0	0	0	0	0	0	0	0	0	0	0	0	0	0	0	0	0	0	0	0	0	0	0.2982	0	0	0	0	0	0	0	0	0	0	0	0	0	0	0	0	0	0	0.3162	0	0.3949	0	0	0.1996	0	0	0.9918	0	0	0	0	0	0.9697	0	0	0	0	0	0	0	0.8526	0	0	0	0	1	0	0	0	0	0	0	0	0.8136	0	0	0	0	0	0	0	0.7587	0	0	0
0	0	0	0	0	0	0	0.703	0	0	0	0	0	0	0	0	0	0	0.3062	0	0	0	0	0	0	0	0	0	0	0	0	0	0	0	0	0	0	0	0	0.4941	0	0	0	0	0	0	0	0	0	0	0	0	0	0	0.5776	0	0	0	0	0	0	0	0.7097	0	0	0	0	0	0	0	0	0	0	0	0	0	0	0.8704	0	0.4563	0	1	0	0	0.6279	0	0	0.5785	0	0	0	0	0	0	0	0	0	0.6955	0	0
0	0.642	0	0	0	0.5718	0.1706	0	0	0	0	0	0	0	0	0	0.4782	0	0	0	0	0	0	0	0	0	0	0	0	0	0	0	0	0	0	0	0	0	0	0	0	0	0	0	0	0	0	0	0	0	0	0.1294	0	0	0	0.2124	0.6015	0	0.3667	0	0.9168	0	0	0	0	0	0	0	0	0	0	0	0	0	0	0	0	0	0	0	0	0.5962	1	0	0	0	0	0	0	0	0	0	0	0	0	0	0	0	0	0
0	0	0	0.886	0	0	0	0	0	0	0	0	0	0	0	0	0	0	0.3478	0	0	0	0.1579	0	0	0	0	0	0	0	0	0	0	0	0	0	0	0	0	0	0	0	0	0.8226	0	0	0	0	0	0	0	0.3968	0	0	0.6412	0	0	0	0.4218	0	0	0	0	0	0	0	0	0	0	0	0	0	0	0	0	0	0	0	0	0	0	0.67	0	1	0	0	0	0	0	0	0	0.9118	0	0.9291	0	0	0	0	0	0
0	0	0	0	0	0	0	0	0	0	0	0	0.9138	0	0	0	0	0.7353	0	0	0	0	0.002	0	0	0	0	0	0	0	0	0	0	0	0	0	0	0	0	0	0	0	0	0	0	0.1503	0.2525	0	0	0	0	0	0	0	0	0	0	0	0	0	0	0.4657	0	0	0	0	0.3043	0	0	0	0	0	0	0	0	0	0.0322	0	0	0	0	0	0	0	1	0	0	0	0	0	0	0	0.3496	0	0	0	0.7218	0	0	0
0	0	0	0	0	0	0	0	0	0	0	0	0	0	0.7464	0	0	0	0.9412	0	0	0	0	0	0	0	0	0	0	0	0	0	0	0	0	0	0.5809	0	0	0	0	0	0	0	0	0	0	0	0	0	0	0	0	0	0.7481	0	0	0	0.2189	0	0	0	0	0	0	0	0	0	0	0	0	0	0	0	0	0	0	0	0	0	0	0	0	0.0696	0.1823	1	0.1688	0	0	0	0	0	0	0.8086	0.4804	0	0	0	0	0
0	0	0	0	0	0	0	0	0	0	0	0	0	0	0	0	0	0.2509	0	0	0	0	0	0	0	0	0	0	0	0	0	0	0	0	0	0	0	0	0	0	0	0	0	0	0	0	0	0	0	0	0	0	0	0	0	0	0	0.7756	0.3246	0.9783	0	0	0	0	0	0	0	0	0	0	0	0	0	0	0	0	0.7443	0	0	0	0.4201	0	0	0	0	0.5302	1	0	0	0.0726	0	0.3704	0	0	0	0	0	0	0	0.8865
0	0.4695	0	0.1828	0	0	0	0	0.4122	0	0	0	0	0	0	0	0	0	0.0351	0	0	0	0	0	0	0	0.9887	0	0	0	0	0	0	0	0	0	0	0	0	0	0	0	0	0	0	0	0	0	0	0	0	0	0	0	0	0	0	0	0	0	0	0	0	0	0	0	0.8965	0	0	0	0	0	0	0	0	0	0	0	0	0.2465	0	0	0	0	0	0	0	1	0.1694	0	0	0	0.1983	0	0	0	0	0	0	0.8964
0	0	0	0	0	0	0	0	0	0	0	0	0	0	0	0	0	0	0	0	0	0	0	0	0	0	0.6237	0	0	0	0	0	0	0.7496	0.31	0	0	0.4434	0	0	0	0	0	0	0	0	0	0	0	0	0	0	0	0.7017	0	0	0	0	0	0	0	0	0	0	0	0	0	0	0	0	0	0	0	0	0	0	0	0	0	0	0.8422	0.1819	0	0.2552	0.9077	0	0	0	1	0	0.4022	0	0	0	0	0	0	0	0	0
0	0	0	0	0	0	0	0	0	0	0	0	0	0	0	0	0	0	0	0	0	0.6473	0	0.2879	0	0	0	0	0	0.5887	0	0	0	0.7917	0	0	0	0	0	0	0	0.2272	0	0	0	0	0	0	0	0	0	0	0	0	0	0	0	0	0	0	0	0.1968	0	0	0	0.132	0	0.4503	0	0	0	0	0	0	0	0	0	0	0	0	0	0	0	0	0	0	0	0	0	1	0	0	0.5324	0	0	0	0.5667	0	0	0
0.3074	0	0	0	0	0	0	0	0	0	0	0	0	0	0	0	0	0	0	0	0	0	0	0	0	0	0	0	0	0	0	0	0.3563	0	0.2125	0.4659	0	0	0	0	0	0	0	0	0	0	0	0.6088	0	0	0	0	0.2563	0	0	0	0	0	0	0	0	0.6931	0	0	0	0	0	0.0727	0	0	0	0	0	0	0	0	0	0.2596	0	0	0	0.559	0	0	0	0	0	0	0	0	1	0	0	0	0	0	0	0	0	0
0	0	0	0	0	0	0	0	0	0	0	0.6022	0	0	0	0	0	0	0	0	0	0	0	0.3307	0	0	0	0	0.4704	0	0	0	0.9572	0.6234	0	0	0	0.8165	0	0	0	0	0	0	0.2927	0	0	0	0	0	0	0.3857	0	0	0	0	0	0	0	0	0	0	0	0	0.6585	0	0	0	0	0	0	0	0	0	0	0	0	0	0	0	0	0	0	0	0	0	0	0	0	0.2665	0	1	0	0	0	0	0	0	0	0
0	0	0	0	0	0	0	0	0.8337	0	0	0	0	0	0	0	0	0	0	0	0	0	0	0	0	0	0.1918	0	0	0	0	0	0	0	0	0	0	0	0	0	0	0	0	0.4876	0	0	0	0.93	0	0	0	0	0	0	0	0	0	0	0	0	0.1099	0	0	0	0	0	0	0	0	0	0	0	0	0	0	0	0.3834	0	0	0	0	0	0	0	0	0	0	0.8369	0	0	0.1326	0	1	0.4361	0	0	0	0.0377	0	0
0	0	0	0.5535	0	0	0.0411	0	0	0	0	0	0	0	0	0.1017	0	0	0	0	0	0	0	0	0	0	0	0	0	0	0	0	0.1322	0	0	0	0	0	0	0	0	0	0	0	0	0	0.6526	0	0	0	0.8262	0	0	0	0	0	0	0	0	0	0	0	0	0	0	0	0	0	0	0	0	0	0.5469	0	0	0	0.4907	0	0	0	0	0	0	0	0	0	0.6341	0	0.8601	0	0	0	0	1	0	0	0	0	0	0
0	0	0	0	0	0	0	0	0	0.0922	0	0	0	0.4159	0.0333	0	0	0	0	0	0	0	0	0	0	0.6854	0	0.3635	0	0	0	0	0	0	0	0	0	0	0	0	0	0	0	0	0	0	0	0	0	0	0	0	0	0	0	0.7882	0	0	0.8472	0	0	0	0	0	0	0	0	0	0	0	0	0	0	0	0	0	0	0	0	0	0	0	0	0	0.337	0	0	0	0	0	0.8347	0	0	0	1	0	0	0	0	0.7875
0	0	0	0.8743	0	0	0	0	0	0	0	0	0	0	0	0	0	0	0	0	0	0	0	0	0	0	0	0	0	0.7882	0	0	0	0	0	0	0	0	0	0	0	0	0	0	0	0	0	0	0	0	0.2518	0	0	0	0	0	0	0	0.5557	0.6744	0	0	0	0	0	0	0	0	0	0	0	0.5831	0	0	0	0	0	0.5653	0	0	0	0	0	0	0	0	0.0041	0	0	0	0.8268	0	0	0	0	1	0	0	0.3863	0
0	0	0	0	0	0	0	0.2157	0	0.6675	0	0.0194	0	0	0	0	0	0	0	0	0.4624	0.7344	0	0	0	0	0	0	0	0	0	0	0	0	0	0	0	0	0	0	0	0	0.0198	0	0	0	0	0	0	0	0	0	0	0	0	0	0	0	0	0.9845	0	0.6236	0	0	0	0	0	0	0	0	0	0	0	0	0	0	0	0	0	0.5975	0	0	0	0	0	0	0	0	0	0	0	0	0	0	0	0	1	0.3766	0	0
0	0	0.5755	0.9339	0.8558	0	0	0	0	0	0	0	0	0	0	0	0	0	0	0	0	0	0	0.8242	0	0	0	0	0	0	0	0	0	0	0	0	0	0	0	0	0	0	0	0	0	0	0	0	0	0	0.9182	0	0	0	0	0	0	0	0	0	0	0.6834	0	0.6502	0	0	0	0	0	0	0	0	0	0	0	0	0.6333	0.7853	0	0	0	0	0	0	0	0	0	0	0	0	0	0	0.4292	0	0	0	0	1	0	0
0	0	0	0.7707	0	0.0397	0	0	0	0	0	0	0	0	0	0	0	0	0	0	0.3386	0	0	0	0	0	0	0	0	0	0	0	0	0	0	0	0	0	0	0	0	0	0	0	0.2564	0	0	0	0	0	0.0814	0	0.725	0	0	0	0	0	0	0	0	0.6975	0	0	0	0	0	0	0	0.9804	0	0	0	0	0	0	0	0	0	0	0	0.5279	0	0	0	0	0.5101	0	0	0	0	0	0	0	0	0	0	0	1	0
0	0	0	0	0	0	0	0	0	0	0	0	0	0	0	0	0	0	0	0.2021	0	0	0.5698	0	0	0	0	0	0	0.0577	0	0	0	0.5194	0	0	0.1488	0	0	0	0	0	0	0	0	0	0	0	0	0	0	0	0.9138	0	0	0	0	0	0	0	0	0	0	0	0	0	0	0	0	0	0	0.6737	0	0	0	0	0	0	0	0	0	0	0.6011	0	0	0.6113	0	0	0	0	0	0	0.1034	0	0	0	0	0	0	1
2.054	0	0	0	0	0	0	2.2296	0	0	0	0	0	0	0	0	0	0	0	0	0	0	0	0	0	0	0	0	0	0	0	2.5843	0	0	0	0	0	0	0	0	0	0	0	0	0	0	0	1.0575	0	0	1.8373	0	0	0	0	2.5819	0	0	2.481	0	0	0	0	0	0	0	0	0	0	0	2.7935	0	0	0	0	0	0	0	2.0733	1.536	0	0	0	0	0	0	0	2.2671	0	0	0	0	0	0	0	0	0	0	0	0
0	2.9149	0	0	0	0	0	0	0	0	0	0	2.2213	0	0	0	0	0	0	0	0	0	1.935	0	2.5024	0	0	0	0	0	0	0	0	0	2.1776	0	0	0	0	0	0	2.6244	0	0	0	0	2.2402	0	0	0	0	0	0	1.2961	0	0	0	0	0	0	2.7364	0	0	2.413	0	0	0	0	0	0	0	0	0	0	0	0	0	0	0	0	0	0	0	0	0	0	0	0	0	0	0	0	1.8675	0	0	0	0	0	0	0
0	0	1.9734	0	0	2.8848	0	0	0	0	0	0	0	0	0	0	0	0	0	0	0	0	0	0	0	0	0	0	0	0	2.774	0	0	0	2.1776	0	0	0	0	0	0	2.6244	0	0	2.6094	0	0	1.0575	0	0	1.8373	0	0	0	0	0	0	0	0	0	0	0	0	0	0	0	0	0	0	0	0	0	0	0	0	0	0	0	0	0	0	0	0	0	0	0	2.5073	0	0	0	0	0	0	0	0	1.3589	0	0	0	1.6067
0	0	0	2.4388	0	0	1.2179	0	0	0	0	0	0	0	0	0	0	0	0	0	0	1.1809	0	0	0	0	0	0	0	0	0	0	0	0	0	0	0	2.5922	0	0	2.0902	0	0	0	0	0	0	0	0	0	0	0	0	0	0	0	0	0	0	0	0	1.1973	0	0	0	0	0	0	0	0	0	2.8643	0	0	0	0	0	0	0	0	0	0	0	0	0	0	0	2.2671	2.6124	0	0	0	0	2.2732	0	0	0	2.8661	0	0
0	0	0	0	2.7969	0	0	2.2296	0	1.8168	0	0	0	0	0	2.8648	0	0	0	0	0	0	0	1.661	0	0	0	0	0	0	0	0	0	0	0	0	0	0	0	0	0	0	0	0	0	0	0	0	0	0	0	0	2.9373	0	0	0	0	0	0	0	0	0	0	0	2.8636	0	0	0	0	0	0	0	0	0	0	0	0	1.5554	0	0	0	0	0	0	0	0	0	2.2671	0	0	0	2.0024	1.8675	0	0	0	0	0	0	0
0	0	0	2.4388	0	2.8848	0	2.2296	0	0	0	0	0	0	0	0	0	2.0197	0	0	0	0	1.935	0	0	0	0	0	0	0	0	0	0	0	0	0	0	0	0	0	0	0	0	0	0	0	2.2402	1.0575	2.5667	0	0	2.886	0	0	0	0	0	0	0	0	0	0	0	0	0	0	0	0	0	0	0	0	0	0	0	0	0	0	0	0	0	0	0	0	0	0	0	0	0	0	1.0909	0	0	0	0	1.3589	0	0	0	0
0	0	0	0	0	0	1.2179	0	0	0	0	0	0	0	0	0	0	0	0	0	0	0	0	0	0	0	0	0	0	0	0	0	0	2.5605	0	0	2.5698	2.5922	0	0	0	0	0	0	0	0	0	0	0	0	0	0	0	0	0	0	0	0	0	0	0	0	0	0	0	0	0	0	0	0	0	0	0	0	0	0	1.6534	1.5554	0	0	0	1.8023	1.4897	2.7765	1.9473	0	0	0	2.6124	0	0	0	0	0	0	0	0	0	0	0
0	0	0	0	0	0	0	2.2296	0	0	0	0	0	0	0	0	0	2.0197	0	0	0	0	1.935	0	0	0	0	0	0	0	0	0	0	0	0	0	0	0	0	0	0	0	0	0	0	0	0	1.0575	0	1.6999	0	0	0	0	0	2.5819	0	0	2.481	2.1674	0	0	0	0	0	0	0	0	0	0	0	0	0	0	0	0	0	0	2.0733	0	0	0	1.4897	0	0	0	0	0	0	0	0	0	0	0	0	1.3589	0	0	0	0
0	0	0	0	0	0	0	0	2.1752	0	0	0	0	0	0	0	1.1236	0	0	0	0	0	0	0	0	0	0	0	0	2.6446	0	2.5843	0	0	0	0	0	0	0	0	0	0	0	0	0	0	0	0	0	0	0	0	0	0	2.9231	0	0	0	0	0	0	0	0	0	0	0	0	1.5699	2.5574	1.4168	0	0	1.5993	0	0	0	0	0	0	0	0	1.8023	0	0	0	0	0	2.2671	0	0	0	0	0	0	0	0	0	0	0	0
0	0	0	0	0	0	0	0	0	1.8168	2.8116	0	0	0	2.9012	0	0	0	0	0	0	1.1809	0	0	0	0	0	0	0	0	0	0	0	0	0	0	0	0	0	0	0	0	0	0	0	0	0	0	0	0	0	0	0	0	0	0	0	0	0	2.1674	0	0	0	0	0	2.6877	0	1.5699	2.5574	0	0	0	1.5993	0	0	0	0	0	0	0	0	0	0	0	0	0	0	0	0	0	1.0909	0	0	0	0	0	1.4796	0	0	0
0	0	0	0	0	0	0	0	0	0	2.8116	0	0	0	2.9012	0	0	0	0	0	0	0	0	0	0	0	0	0	0	0	0	2.5843	0	0	0	0	0	0	0	0	0	0	0	0	0	0	0	1.0575	0	0	1.8373	0	0	0	0	0	1.4149	0	0	0	0	0	0	0	0	0	1.339	0	0	0	0	0	0	0	0	0	0	0	0	0	0	0	0	0	0	0	0	0	0	0	1.0909	0	0	0	0	1.3589	1.4796	0	1.0503	0
2.054	0	0	0	0	0	0	0	0	0	0	2.0933	0	0	0	0	0	0	0	0	0	0	0	0	2.5024	0	0	0	0	0	0	0	0	0	0	0	0	0	0	0	0	0	0	2.9813	2.6094	0	0	0	0	0	0	0	0	0	0	0	0	0	0	0	2.7364	0	0	0	0	0	0	0	0	0	2.7935	0	0	2.3037	0	0	1.6534	0	0	0	0	0	0	2.7765	0	0	0	0	0	0	0	0	0	0	0	0	0	0	1.0503	0
2.054	0	0	0	0	0	0	0	0	0	0	0	2.2213	0	0	0	0	0	0	0	0	0	0	0	0	0	0	0	0	0	0	0	2.3141	0	0	1.73	0	0	0	0	0	0	0	0	0	0	0	0	0	0	0	0	0	0	0	0	0	2.9033	0	0	0	0	0	0	0	0	0	1.5699	0	0	0	0	0	0	1.7986	0	0	0	0	1.536	1.3617	0	1.4897	0	0	0	0	0	0	0	0	0	0	0	1.964	0	0	0	0	0
0	0	0	0	0	0	0	0	0	0	0	0	0	1.2439	0	0	0	0	0	1.5549	0	0	1.935	0	0	0	0	0	0	2.6446	0	0	0	0	0	0	0	0	0	0	0	0	0	2.9813	0	0	0	0	0	0	0	0	0	0	0	0	0	0	0	0	2.7364	1.1973	0	0	0	0	0	0	0	0	0	0	0	2.3037	0	0	0	0	2.0733	0	0	0	0	0	0	0	0	0	0	0	0	0	0	0	0	0	0	2.8661	1.0503	0
0	0	0	0	0	0	0	0	0	1.8168	0	0	0	0	2.9012	2.8648	0	0	0	0	0	0	0	0	0	0	0	0	0	0	0	0	0	0	0	0	2.5698	0	0	0	2.0902	0	0	0	2.6094	0	0	0	0	0	0	0	0	0	0	0	0	0	0	0	0	1.1973	0	0	2.8636	0	0	0	0	0	0	0	0	0	0	0	0	1.5554	0	0	0	0	0	0	0	0	2.5073	0	0	0	1.0909	0	0	0	0	0	0	0	0	0
0	0	0	0	0	2.8848	1.2179	0	0	0	0	2.0933	0	0	0	2.8648	0	0	0	0	0	0	0	0	0	0	0	0	0	0	0	0	0	0	0	0	0	2.5922	0	2.4692	0	0	0	0	0	0	0	0	2.5667	0	0	0	0	0	0	0	0	0	2.481	0	0	0	0	2.413	0	0	0	0	0	0	0	0	0	0	0	0	0	0	0	0	0	0	0	0	1.9473	0	0	2.2671	0	0	0	0	0	0	0	0	0	0	0	0
0	0	0	0	0	0	0	0	0	0	0	0	0	0	0	0	1.1236	0	0	1.5549	0	0	0	0	0	0	0	0	0	0	0	0	0	0	2.1776	0	2.5698	0	0	2.4692	0	0	2.2229	0	0	0	0	0	0	0	0	0	0	0	0	0	0	0	0	0	0	0	0	0	0	0	0	0	0	0	0	0	1.5993	0	0	0	0	0	2.0733	0	1.3617	0	0	0	0	1.7559	0	0	0	0	0	0	1.8675	0	0	0	0	0	0	0
0	0	0	0	0	0	0	0	2.1752	0	0	0	0	0	0	0	0	2.0197	0	0	0	0	0	0	0	0	0	0	0	0	0	0	2.3141	0	0	0	0	0	0	0	0	0	0	0	2.6094	0	0	0	0	1.6999	0	0	0	0	2.9231	0	0	0	2.481	0	0	0	0	0	0	0	0	1.5699	0	0	0	0	0	0	0	0	1.6534	0	0	0	0	0	0	0	0	0	0	0	2.6124	0	0	0	0	2.2732	0	0	0	0	0	0
0	0	0	0	0	0	0	0	0	0	0	0	0	0	0	0	0	0	2.5606	0	0	0	0	0	0	0	0	0	0	0	0	0	0	0	0	0	0	2.5922	0	0	0	0	2.2229	0	0	0	0	0	0	0	0	0	0	0	0	2.5819	0	0	0	0	0	0	0	0	0	0	1.339	0	0	0	0	0	0	0	1.7986	1.6418	0	0	0	0	1.3617	0	0	0	1.9473	0	0	0	0	1.1196	0	0	0	2.2732	0	0	0	0	0	0
0	0	1.9734	0	0	0	0	0	0	0	0	0	0	0	0	0	0	0	0	1.5549	2.9256	0	0	0	0	0	2.9755	0	0	0	0	0	0	2.5605	0	0	0	0	0	0	2.0902	0	0	0	2.6094	0	2.2402	0	2.5667	0	0	0	0	0	0	0	0	0	0	0	0	0	0	0	0	0	0	0	0	0	0	0	0	0	0	0	0	0	0	0	0	0	0	2.7765	0	0	0	0	0	0	0	0	0	0	1.964	0	0	0	0	0
0	0	0	0	0	0	0	0	0	0	0	0	2.2213	0	0	0	0	2.0197	0	0	2.9256	0	0	0	0	2.1661	0	0	0	0	2.774	0	0	0	0	0	0	2.5922	0	0	0	0	0	0	0	0	0	0	0	0	0	0	0	0	0	0	0	0	0	2.1674	0	0	2.8366	0	2.8636	0	0	0	0	0	0	0	0	0	1.7986	0	0	0	0	0	0	0	0	0	0	0	0	0	0	0	0	0	0	0	0	0	0	0	0	1.6067
0	0	0	0	0	2.8848	0	0	2.1752	0	0	0	0	0	0	0	0	0	0	0	2.9256	1.1809	0	0	0	0	2.9755	1.6004	0	0	0	0	0	0	0	1.73	0	0	0	0	0	0	0	0	0	0	0	0	0	0	0	0	0	0	0	0	0	0	0	0	0	0	0	0	0	0	0	0	0	1.4168	0	0	0	0	1.7986	0	0	0	0	0	0	0	0	0	0	1.7559	0	0	0	0	0	0	1.8675	0	0	0	0	0	0	0
2.054	0	0	0	2.7969	0	0	0	2.1752	0	0	0	0	0	0	0	1.1236	0	0	0	0	0	1.935	1.661	0	0	0	0	0	2.6446	0	0	0	0	0	0	0	0	0	0	0	0	0	0	0	0	0	0	0	0	1.8373	0	0	0	0	0	0	0	0	0	0	0	0	0	0	0	1.339	0	0	0	0	0	0	0	0	0	0	0	0	0	0	0	0	0	0	0	0	0	0	1.1196	0	0	0	0	0	0	1.4796	0	0	0
0	0	0	0	0	0	0	0	0	1.8168	0	0	0	0	0	2.8648	0	0	0	0	0	0	0	1.661	0	0	0	0	0	2.6446	0	0	0	0	0	0	0	0	0	0	0	0	0	0	0	1.2806	0	0	0	0	0	0	0	0	0	0	0	0	0	0	0	0	0	0	2.8636	0	0	0	0	0	0	2.8643	1.5993	0	0	0	0	0	0	0	0	0	0	0	0	0	0	2.2671	0	0	1.0909	0	0	0	0	0	1.4796	0	0	0
0	0	0	0	0	2.8848	0	0	0	0	0	0	0	1.2439	0	0	0	0	0	0	0	0	0	0	2.5024	0	0	0	0	0	0	0	0	0	0	0	2.5698	2.5922	0	0	0	0	0	0	0	0	0	0	0	0	1.8373	0	0	0	0	0	0	0	0	0	0	0	0	0	0	0	1.339	0	2.5574	0	0	0	0	2.3037	0	1.6418	0	0	0	0	0	0	0	0	1.9473	0	0	0	0	0	0	0	0	0	0	0	0	0	0	0
0	0	0	0	0	0	0	0	0	0	0	2.0933	0	1.2439	0	2.8648	0	0	0	0	0	0	0	0	0	2.1661	0	0	0	0	0	2.5843	0	0	0	0	0	0	0	0	0	0	0	0	0	0	0	0	0	0	0	0	0	0	0	0	0	2.9033	0	0	0	0	2.8366	0	0	0	0	1.5699	0	0	0	0	0	0	0	0	0	0	2.0733	0	0	1.8023	0	0	0	0	0	0	2.6124	0	0	0	0	0	0	0	0	0	0	0
0	0	0	2.4388	0	0	0	0	0	0	0	0	0	0	0	0	0	2.0197	0	0	0	0	0	1.661	2.5024	0	2.9755	0	0	0	0	0	0	2.5605	0	0	0	0	0	0	2.0902	0	0	2.9813	0	0	0	0	0	0	0	0	0	0	0	0	0	2.9033	0	0	0	0	0	0	2.8636	0	0	0	2.5574	0	0	0	0	0	0	0	0	0	0	0	0	0	0	0	0	0	0	0	0	0	0	0	0	0	0	0	0	0	0	0
0	0	0	0	0	0	0	0	0	0	0	0	2.2213	1.2439	0	0	0	0	0	0	0	0	0	0	0	0	0	1.6004	1.9183	0	0	0	0	0	0	0	0	0	1.4453	0	0	0	0	0	2.6094	0	0	0	0	0	0	0	0	1.2961	0	0	0	0	0	2.1674	0	1.1973	0	0	0	0	0	0	0	0	0	0	0	0	1.7986	0	0	0	0	0	0	0	0	0	0	0	0	0	0	1.1196	0	0	0	0	0	0	0	0	0	0
2.054	0	0	0	0	0	0	0	0	0	0	0	0	0	0	0	0	0	0	0	0	0	0	0	0	0	0	0	1.9183	0	0	2.5843	2.3141	0	0	1.73	0	0	0	0	0	0	0	0	0	0	0	0	0	0	0	0	0	0	0	2.5819	0	0	0	0	0	0	0	2.413	0	0	0	0	0	1.4168	0	0	0	0	0	0	0	0	0	1.536	1.3617	0	0	0	0	0	2.5073	0	0	0	0	0	0	0	0	0	0	0	0	0
0	0	1.9734	0	0	0	0	0	0	0	0	0	0	1.2439	2.9012	0	0	0	0	0	0	0	1.935	0	0	0	0	0	0	2.6446	0	0	0	0	0	0	0	0	0	0	0	0	0	0	0	0	0	0	0	0	1.8373	0	0	0	0	0	0	0	0	0	0	0	0	0	0	0	1.339	0	0	0	0	0	0	0	0	0	1.6534	0	0	0	1.3617	0	1.4897	0	0	0	0	0	0	0	0	0	0	0	0	0	0	0	0	1.6067
0	0	1.9734	0	0	0	0	0	0	0	0	0	0	0	0	0	0	0	0	0	0	0	0	0	0	0	0	0	0	2.6446	2.774	0	0	0	0	0	0	2.5922	0	0	0	2.6244	0	0	0	0	0	0	0	0	0	0	0	0	0	0	1.4149	0	2.481	0	0	0	0	0	0	0	0	0	0	0	0	0	0	0	0	0	0	0	0	0	0	0	0	0	0	0	2.5073	0	0	1.1196	0	0	0	0	1.964	0	1.4796	0	0	0
0	0	0	0	0	2.8848	0	0	0	0	0	0	0	0	0	0	0	0	0	0	0	0	0	0	0	0	0	0	1.9183	0	2.774	2.5843	0	0	0	0	2.5698	0	0	0	2.0902	0	0	0	0	0	0	0	0	0	0	0	0	0	0	0	0	0	0	0	2.7364	0	0	2.413	0	0	0	1.5699	0	0	0	0	0	0	0	0	0	0	0	0	0	0	0	0	0	0	0	0	2.6124	0	0	2.0024	0	0	0	0	0	0	0	0
0	0	0	0	0	0	0	0	0	0	0	0	0	0	0	0	0	0	0	0	0	0	0	0	0	0	0	0	0	2.6446	0	2.5843	2.3141	0	0	0	0	0	0	0	0	0	0	0	0	1.2806	0	0	0	0	0	0	0	1.2961	0	0	0	0	0	0	0	0	0	2.413	0	0	0	0	0	0	0	0	1.5993	0	0	0	0	0	0	0	0	1.8023	0	0	0	0	0	0	2.6124	0	0	0	0	0	0	0	1.4796	0	1.0503	0
0	0	0	0	0	0	0	0	0	0	0	0	2.2213	0	0	0	0	0	0	0	0	0	0	0	0	0	0	0	0	0	0	0	0	2.5605	0	0	0	0	0	0	0	0	0	0	2.6094	0	2.2402	0	2.5667	0	0	0	0	0	0	0	0	0	0	0	0	0	0	0	0	2.6877	1.339	0	0	0	0	0	0	0	0	0	0	0	0	0	0	1.8023	0	0	0	0	0	0	2.6124	0	0	0	0	0	1.964	0	0	0	0	1.6067
0	0	0	0	0	0	0	0	0	0	0	0	0	0	0	0	0	0	0	0	0	0	0	0	2.5024	0	0	0	1.9183	0	0	0	0	0	2.1776	0	2.5698	2.5922	0	0	0	0	2.2229	0	0	0	0	0	0	0	1.8373	0	0	0	0	0	0	2.9033	0	0	0	0	0	0	0	0	0	0	0	0	0	2.8643	0	0	0	0	0	1.5554	0	0	0	0	0	0	0	0	0	0	0	0	0	2.0024	0	0	0	0	0	0	0	0
2.054	2.9149	0	2.4388	0	0	0	0	0	0	0	0	0	1.2439	0	0	0	0	0	0	0	0	0	0	0	0	0	0	0	0	0	0	0	2.5605	2.1776	1.73	2.5698	2.5922	0	0	0	0	0	0	0	0	0	0	0	0	0	0	0	0	0	0	0	0	0	0	0	0	0	0	0	0	0	0	0	0	0	0	0	0	1.7986	0	0	0	0	0	0	0	0	0	0	0	0	0	0	0	0	0	0	0	0	1.3589	0	0	0	0
0	0	0	2.4388	0	0	0	2.2296	0	0	0	0	0	0	0	0	0	0	0	0	0	0	0	0	0	0	2.9755	0	0	0	0	0	0	0	0	0	2.5698	0	0	0	0	0	0	0	0	0	0	0	2.5667	0	0	0	0	0	2.9231	0	1.4149	0	0	0	2.7364	0	0	0	0	2.6877	0	0	0	0	0	0	0	0	0	0	0	0	0	0	0	0	0	0	1.9473	0	2.5073	0	0	0	0	0	0	0	0	0	0	0	0	0
0	0	0	0	0	0	0	0	0	0	2.8116	0	0	0	0	0	0	0	0	0	0	0	0	0	0	0	0	0	0	0	0	0	0	0	0	0	0	2.5922	0	0	2.0902	0	0	0	2.6094	0	0	0	0	0	0	0	0	0	0	0	0	0	0	0	0	0	0	0	0	0	1.339	1.5699	0	0	0	0	0	0	0	1.6418	1.6534	0	0	0	0	0	0	2.7765	0	0	0	2.2671	0	0	0	0	1.8675	0	0	0	0	0	0	0
0	0	1.9734	0	0	0	0	2.2296	0	0	0	0	0	0	0	2.8648	0	0	0	0	0	0	0	0	0	0	2.9755	1.6004	0	0	0	0	2.3141	0	0	0	0	0	1.4453	0	0	2.6244	2.2229	0	0	0	0	0	0	0	0	0	0	0	0	0	0	0	0	0	0	0	0	0	0	2.6877	0	0	0	0	0	0	0	0	0	0	0	0	0	0	0	0	0	0	0	0	0	0	0	0	0	0	0	0	0	1.3589	0	0	0	0
2.054	0	0	2.4388	0	2.8848	0	0	0	0	0	2.0933	0	0	0	0	0	0	0	0	0	0	0	0	0	0	0	0	0	0	0	0	0	0	0	0	0	2.5922	0	2.4692	0	2.6244	0	0	0	0	2.2402	0	0	0	0	0	0	0	0	0	0	0	0	0	0	0	0	0	0	0	0	0	0	0	0	0	0	0	0	0	0	0	0	0	0	0	0	0	1.9473	0	0	0	0	0	0	2.0024	0	0	0	0	0	0	0	1.6067
0	0	0	0	0	0	0	0	0	0	0	0	0	0	0	0	0	0	0	0	0	0	0	0	0	0	2.9755	0	0	0	0	0	0	0	0	0	0	0	0	0	2.0902	2.6244	0	0	0	0	0	0	0	0	0	0	2.9373	0	0	0	1.4149	0	0	0	0	0	2.8366	2.413	0	0	0	0	0	0	0	2.8643	0	0	0	0	1.6534	0	0	0	0	0	0	0	1.9473	0	2.5073	0	0	0	0	0	0	0	0	0	0	0	0	0
0	0	0	0	0	0	0	0	0	0	0	0	2.2213	0	0	0	0	0	0	0	0	0	0	0	0	0	0	0	0	0	0	0	0	2.5605	0	0	0	0	0	0	0	2.6244	0	0	0	0	2.2402	0	0	1.6999	0	0	0	0	0	0	0	0	2.481	2.1674	0	0	0	0	2.8636	0	0	0	0	0	2.7935	2.8643	0	0	0	0	0	0	0	0	0	0	0	0	1.9473	0	0	0	0	0	0	0	0	0	0	0	0	0	0	0
0	0	0	0	0	0	1.2179	0	0	1.8168	2.8116	0	0	0	0	0	0	0	0	0	0	0	1.935	0	0	0	0	0	0	0	0	0	0	0	2.1776	0	0	0	0	0	0	0	2.2229	0	0	0	0	0	0	0	0	0	0	0	2.9231	0	0	0	0	0	2.7364	0	0	0	0	0	0	0	0	0	0	0	0	0	0	0	0	0	2.0733	0	0	0	0	0	0	0	0	2.2671	0	1.1196	0	0	0	0	0	0	0	0	0	0
2.054	0	0	0	0	0	0	0	2.1752	0	0	0	0	0	0	2.8648	0	0	0	0	0	0	0	0	0	2.1661	0	0	0	0	0	0	0	0	0	0	0	0	0	0	0	0	0	2.9813	0	0	0	0	0	0	0	2.886	0	1.2961	0	0	0	0	0	0	0	0	0	0	0	0	0	0	0	0	0	0	0	0	1.7986	0	0	0	0	0	0	0	0	2.7765	0	0	0	0	0	0	0	2.0024	0	0	0	1.3589	0	0	0	0
0	0	0	2.4388	2.7969	2.8848	0	2.2296	0	0	0	0	0	0	0	0	0	0	0	1.5549	0	0	0	0	0	0	0	0	0	0	0	0	0	0	0	0	0	0	0	0	0	0	0	0	2.6094	1.2806	0	0	0	0	0	0	0	0	0	0	0	0	0	0	0	0	0	0	0	0	0	0	0	0	0	0	0	0	0	0	0	0	0	0	0	0	0	0	0	0	0	0	2.6124	1.1196	0	0	1.8675	0	0	0	0	0	0	1.6067
0	0	0	0	0	0	0	0	0	0	0	0	2.2213	1.2439	2.9012	0	0	0	0	0	0	0	0	0	0	0	0	0	0	0	0	0	0	0	0	0	0	0	0	0	0	0	0	0	0	1.2806	0	1.0575	0	0	0	0	0	0	2.9231	0	0	0	2.481	0	0	0	0	0	0	0	0	0	0	0	2.7935	0	0	0	0	0	0	0	0	0	0	0	0	0	0	0	0	0	2.6124	1.1196	0	0	1.8675	0	0	0	0	0	0	0
0	0	0	0	0	0	0	0	0	0	0	2.0933	2.2213	1.2439	0	0	0	0	0	0	0	0	0	0	0	0	0	0	0	0	0	0	0	0	0	0	0	0	0	0	0	0	0	2.9813	0	0	2.2402	0	0	0	0	0	0	0	0	0	0	0	0	0	0	0	2.8366	0	0	0	1.339	0	0	0	0	0	0	0	0	1.6418	0	0	0	1.536	0	0	0	0	0	1.7559	2.5073	0	0	0	0	0	0	0	0	0	0	0	0	0
0	0	0	0	0	0	0	2.2296	0	0	0	0	0	0	0	0	0	0	0	0	0	0	0	0	0	0	0	0	0	0	0	0	0	0	0	0	0	0	0	0	0	0	0	0	0	0	0	1.0575	2.5667	0	0	2.886	2.9373	0	0	0	0	0	0	0	0	0	0	0	0	0	0	0	0	0	0	0	0	0	0	0	1.6534	0	0	1.536	1.3617	1.8023	0	0	0	0	0	0	0	0	1.0909	0	0	0	0	0	0	0	0	1.6067
0	0	0	0	0	0	0	0	0	0	0	0	0	0	0	0	1.1236	0	0	0	0	0	0	0	0	0	2.9755	0	0	0	0	0	0	0	0	0	0	0	0	2.4692	0	0	0	0	0	0	0	0	2.5667	1.6999	0	0	0	1.2961	0	2.5819	0	0	0	0	0	0	0	2.413	2.8636	0	0	0	0	0	0	0	0	0	0	0	0	1.5554	0	0	0	0	1.4897	0	0	0	0	0	0	0	0	0	0	0	0	0	0	0	0	0
0	0	0	0	0	0	0	0	0	1.8168	2.8116	0	0	0	0	0	0	0	0	0	0	0	0	1.661	0	0	0	0	0	0	0	2.5843	0	0	0	0	0	0	0	0	2.0902	0	2.2229	2.9813	0	0	0	0	2.5667	1.6999	0	0	0	0	0	0	0	0	0	0	0	0	0	0	0	0	0	0	0	0	0	0	0	0	0	0	0	0	0	0	0	0	0	0	0	0	0	0	2.6124	0	0	0	0	0	0	0	1.4796	0	0	0
0	0	0	0	0	0	1.2179	0	2.1752	0	0	0	0	0	0	0	0	0	0	0	0	0	0	0	0	0	0	0	0	0	0	0	0	0	0	0	0	0	0	0	0	2.6244	0	0	0	0	0	0	0	1.6999	1.8373	2.886	0	0	0	0	1.4149	0	0	0	0	0	0	0	0	0	0	0	0	0	2.7935	2.8643	0	0	0	0	0	0	0	0	0	0	0	0	1.9473	0	2.5073	0	0	0	0	0	0	0	0	0	0	0	0	0
0	0	1.9734	0	0	0	0	2.2296	0	0	0	0	0	0	0	0	0	0	0	0	0	0	0	1.661	0	0	0	1.6004	0	0	0	0	0	0	2.1776	0	0	0	0	0	0	0	0	0	0	0	0	0	0	0	0	2.886	0	0	0	0	0	0	0	0	0	0	0	0	2.8636	0	0	1.5699	2.5574	0	0	0	0	0	0	0	0	0	0	0	0	0	0	0	0	0	0	0	2.6124	0	0	2.0024	0	0	0	0	0	0	0	0
0	0	0	0	0	0	1.2179	0	0	0	0	0	0	1.2439	0	0	0	0	0	0	0	0	0	0	0	0	0	0	0	0	0	0	0	0	0	0	0	0	0	0	0	0	0	0	0	0	0	0	0	0	0	2.886	2.9373	0	0	0	0	0	0	0	2.7364	0	0	0	2.8636	0	0	0	0	1.4168	0	0	0	0	0	1.6418	0	0	0	0	0	0	1.4897	0	1.9473	0	0	0	0	0	0	0	0	0	1.964	0	0	0	0	0
0	0	0	0	0	0	1.2179	0	0	0	0	0	0	0	0	0	0	0	0	0	0	0	0	0	0	0	0	0	0	2.6446	0	0	0	0	0	0	0	0	0	0	0	0	0	2.9813	0	0	0	0	0	0	0	0	2.9373	1.2961	0	2.5819	0	0	0	0	0	0	0	0	0	0	0	1.5699	0	0	0	0	0	0	0	0	0	0	0	0	0	0	1.4897	0	0	0	0	2.2671	2.6124	0	1.0909	0	0	0	0	0	0	0	0	0
0	0	0	0	0	0	0	0	0	0	0	0	0	0	0	2.8648	0	0	0	0	0	0	1.935	0	0	0	0	0	0	0	0	0	0	0	0	1.73	0	0	0	0	0	0	0	0	0	1.2806	0	0	0	0	0	0	0	1.2961	2.9231	0	0	2.9033	0	0	0	1.1973	0	0	0	0	0	0	0	0	0	0	0	0	0	0	0	0	2.0733	0	0	0	0	0	0	0	0	0	0	0	0	2.0024	1.8675	0	0	0	0	0	0	0
0	0	0	0	0	0	0	0	0	0	0	2.0933	0	0	0	0	0	2.0197	0	0	2.9256	0	0	1.661	0	2.1661	0	0	0	0	0	0	0	0	0	0	0	0	0	0	0	0	0	0	0	0	0	0	0	0	0	0	0	0	0	2.5819	0	0	0	0	0	0	0	0	0	0	0	0	0	0	0	0	0	0	0	0	0	0	0	1.536	1.3617	0	0	0	0	0	0	0	0	0	1.0909	2.0024	0	0	1.964	0	0	0	0	0
0	0	0	0	2.7969	0	1.2179	0	0	0	0	2.0933	0	0	2.9012	0	0	0	0	0	0	0	0	0	0	0	0	0	0	0	0	0	0	0	0	1.73	0	0	0	0	0	0	0	0	0	0	0	0	0	1.6999	1.8373	0	0	0	0	0	1.4149	0	0	2.1674	0	0	0	0	0	0	0	0	0	0	0	0	1.5993	0	0	0	0	0	0	0	0	0	0	0	0	0	0	0	0	0	1.0909	0	0	0	0	0	0	0	0	0
0	0	0	0	0	0	0	0	0	0	0	0	0	0	0	0	0	0	2.5606	0	2.9256	0	0	0	0	0	0	0	0	0	0	0	0	0	0	1.73	0	0	0	0	0	2.6244	0	0	0	0	0	0	2.5667	0	0	2.886	0	0	0	0	0	2.9033	2.481	0	0	0	0	0	0	0	0	1.5699	0	0	0	0	0	0	0	0	0	0	0	1.536	0	0	0	0	0	0	0	0	0	0	1.0909	0	0	0	0	0	0	0	0	0
0	0	0	2.4388	0	0	0	0	0	0	0	2.0933	2.2213	0	0	0	0	0	0	0	0	1.1809	0	0	0	0	0	0	0	0	0	0	0	0	0	0	0	0	0	0	0	0	0	0	0	0	0	0	0	0	0	0	0	0	0	0	0	0	2.481	2.1674	2.7364	0	0	0	0	0	0	0	0	1.4168	0	0	0	0	0	0	0	0	0	0	0	0	0	0	0	1.7559	0	0	0	1.1196	0	0	0	0	0	1.3589	0	0	0	0
0	0	1.9734	2.4388	0	0	0	0	0	0	0	0	0	0	0	0	0	0	0	0	0	0	0	0	0	0	0	0	0	0	0	0	2.3141	0	0	0	0	2.5922	0	0	0	0	0	0	0	0	2.2402	0	0	0	0	0	0	0	0	0	0	0	0	2.1674	0	0	0	0	0	0	1.339	0	0	0	0	0	0	0	0	0	1.6534	0	0	0	1.3617	0	0	0	0	0	0	0	0	0	0	2.0024	0	0	0	1.3589	0	0	0	0
0	0	0	0	2.7969	0	0	0	0	0	0	0	0	0	0	0	0	2.0197	0	0	0	0	0	0	0	2.1661	0	0	1.9183	0	0	0	0	0	0	0	2.5698	0	0	0	0	0	0	0	0	0	0	0	0	0	0	0	0	0	0	0	0	0	0	0	2.7364	0	0	0	0	0	0	0	0	0	0	0	0	0	0	1.6418	0	1.5554	0	0	0	0	1.4897	0	0	0	0	0	2.6124	0	0	0	0	0	0	0	1.4796	0	0	0
2.054	2.9149	0	0	0	0	0	0	0	0	0	0	0	0	0	0	1.1236	0	0	0	0	0	0	0	0	0	0	0	0	0	0	0	0	2.5605	0	0	0	0	0	0	0	0	0	0	0	0	0	0	0	0	0	0	0	0	2.9231	0	1.4149	2.9033	0	0	0	1.1973	0	0	0	0	0	1.5699	0	0	0	0	0	0	0	0	0	1.5554	0	0	0	0	0	0	0	0	0	0	0	0	0	0	1.8675	0	0	0	0	0	0	0
0	0	1.9734	0	0	0	0	0	0	0	0	0	0	0	0	0	0	2.0197	0	0	0	0	0	1.661	0	0	2.9755	0	0	0	0	0	0	0	0	0	0	0	0	0	0	0	0	0	0	0	0	0	0	0	1.8373	0	0	0	0	0	0	2.9033	0	0	0	0	2.8366	0	0	0	0	1.5699	2.5574	0	0	0	0	0	0	0	0	0	0	0	0	0	0	2.7765	0	0	0	0	0	0	0	2.0024	0	0	0	0	0	0	0	0
0	0	0	0	0	0	0	0	0	0	0	0	0	0	0	0	0	0	0	0	0	0	0	0	0	0	2.9755	0	0	0	0	0	0	0	0	0	2.5698	2.5922	1.4453	0	0	0	0	0	0	0	0	0	0	0	0	0	2.9373	0	0	2.5819	0	2.9033	0	0	0	0	0	2.413	0	0	0	1.5699	0	0	0	0	0	0	0	0	0	0	0	0	0	0	0	0	0	0	0	0	0	0	1.0909	0	0	0	0	0	0	0	1.0503	0
0	0	0	0	0	0	0	0	0	0	0	0	0	0	0	0	0	0	2.5606	0	0	0	0	0	0	2.1661	2.9755	1.6004	0	0	0	0	0	0	0	0	0	0	0	0	0	0	0	2.9813	0	1.2806	0	0	0	0	0	0	0	0	0	0	0	0	0	0	2.7364	0	0	0	2.8636	0	0	0	0	0	0	0	0	0	0	0	0	0	2.0733	0	0	0	1.4897	0	0	0	0	2.2671	0	0	0	0	0	0	0	0	0	0	0	0
0	0	0	0	0	0	0	0	0	0	2.8116	0	0	0	0	0	0	0	0	0	0	0	0	0	0	0	0	0	0	0	0	0	0	0	0	0	2.5698	0	0	0	0	0	0	0	0	0	0	0	0	0	0	2.886	0	0	0	0	0	0	0	0	0	0	0	0	0	2.6877	0	0	0	0	0	2.8643	0	0	0	0	0	0	0	0	0	1.8023	0	0	0	0	0	0	0	0	0	2.0024	1.8675	0	1.964	0	0	2.8661	0	1.6067
0	2.9149	0	0	0	2.8848	0	0	0	0	0	0	0	1.2439	0	0	0	0	0	0	0	1.1809	1.935	0	2.5024	0	0	0	0	0	0	0	0	0	0	0	0	0	0	0	0	0	0	0	0	0	0	0	0	0	0	2.886	0	0	0	0	0	0	0	0	0	0	2.8366	0	0	0	1.339	1.5699	0	0	0	0	0	0	0	0	0	0	0	0	0	0	0	0	0	0	0	0	0	0	0	0	0	0	0	0	0	0	1.0503	0
0	0	0	2.4388	0	2.8848	0	0	0	1.8168	0	0	0	0	0	0	0	0	0	0	0	0	0	0	0	0	2.9755	0	1.9183	0	0	0	0	0	0	0	0	0	0	0	0	0	0	0	0	0	0	0	0	0	1.8373	2.886	0	0	0	0	1.4149	0	0	0	0	0	0	0	2.8636	0	0	1.5699	0	0	0	0	0	0	0	0	0	0	0	0	0	0	0	0	0	0	0	0	0	0	0	0	0	0	0	0	0	0	0	1.6067
0	0	0	0	0	0	0	0	0	0	2.8116	0	0	0	0	0	0	0	0	0	0	0	0	0	0	0	0	0	0	0	0	2.5843	0	0	0	0	0	2.5922	0	0	0	2.6244	0	0	0	1.2806	0	0	0	0	0	0	0	0	2.9231	0	1.4149	0	0	0	0	0	0	0	0	0	0	0	2.5574	0	0	0	1.5993	0	0	0	0	0	0	0	0	0	0	0	0	0	0	0	0	0	0	2.0024	1.8675	0	0	0	0	0	0	0
0	0	0	0	0	0	0	0	0	0	0	0	0	0	0	0	0	0	0	0	2.9256	0	0	0	0	0	0	0	0	0	0	0	0	0	0	0	2.5698	2.5922	0	0	2.0902	0	0	0	0	1.2806	0	0	0	0	0	0	0	0	0	2.5819	0	0	0	2.1674	0	0	0	0	0	0	0	0	0	1.4168	0	0	0	0	0	0	0	0	0	0	0	0	1.4897	0	0	0	2.5073	0	0	0	0	0	1.8675	0	0	0	0	0	0	0
2.054	0	0	0	2.7969	0	0	0	0	0	0	0	0	0	0	0	0	0	0	1.5549	0	0	0	0	0	0	0	0	0	2.6446	0	0	0	0	0	0	0	0	0	0	0	0	0	0	0	1.2806	2.2402	1.0575	0	0	0	2.886	0	0	0	0	0	0	0	0	0	0	0	0	0	0	0	0	0	0	2.7935	0	0	0	0	0	0	0	0	0	0	0	0	0	0	0	0	0	0	0	0	0	1.8675	0	0	0	0	2.8661	0	0
0	0	0	0	0	0	0	0	0	0	0	0	0	0	0	0	1.1236	0	0	0	0	0	0	1.661	0	0	0	0	1.9183	0	0	0	0	0	0	1.73	0	0	0	0	0	0	0	0	0	0	0	0	2.5667	0	0	0	0	0	0	0	1.4149	0	0	0	2.7364	0	0	0	0	0	0	0	0	0	0	2.8643	0	0	0	0	0	0	0	0	0	0	0	0	0	0	2.5073	0	2.6124	0	1.0909	0	0	0	0	0	0	0	0	0
0	0	0	0	0	0	0	0	0	0	0	0	0	0	0	0	1.1236	0	0	0	0	0	0	0	0	0	2.9755	0	1.9183	0	0	0	0	2.5605	0	0	0	0	0	0	0	2.6244	0	0	0	0	0	0	2.5667	0	0	0	0	0	0	0	0	0	0	2.1674	0	0	0	0	0	0	0	0	0	0	0	0	1.5993	0	0	0	0	0	0	0	0	0	0	0	0	1.7559	0	0	0	0	0	0	0	0	0	0	0	0	1.0503	1.6067
0	0	0	0	0	0	0	0	0	0	0	0	0	0	0	0	0	0	0	0	0	1.1809	0	1.661	0	2.1661	0	0	0	0	0	0	0	0	2.1776	0	0	0	0	0	2.0902	0	0	0	2.6094	0	0	0	0	0	0	0	0	0	0	0	0	0	0	0	0	0	0	0	2.8636	0	0	0	0	1.4168	0	0	0	2.3037	1.7986	0	0	0	0	0	0	0	0	0	0	0	0	0	0	0	0	0	0	0	1.964	0	0	0	0	0
0	0	0	0	0	0	0	0	0	1.8168	0	0	0	0	0	0	0	0	0	0	0	0	0	1.661	0	0	0	0	0	0	0	0	0	0	0	0	0	0	0	0	0	2.6244	0	0	0	0	0	0	0	0	0	0	0	0	0	0	1.4149	0	0	0	0	0	0	0	0	0	0	0	0	1.4168	0	0	1.5993	0	1.7986	0	0	0	0	0	0	0	0	0	1.9473	0	0	0	0	0	0	0	1.8675	2.2732	0	0	0	2.8661	0	0
0	2.9149	0	0	0	2.8848	0	0	2.1752	0	0	0	0	0	2.9012	0	0	0	0	1.5549	0	0	0	0	0	0	0	0	0	0	0	0	0	0	2.1776	0	0	0	0	0	0	0	0	0	0	0	0	1.0575	0	0	0	0	0	0	0	0	0	0	0	0	0	0	0	0	0	0	0	0	2.5574	0	0	2.8643	0	0	0	1.6418	0	0	2.0733	0	0	0	0	0	0	0	0	0	0	0	0	0	0	0	0	0	0	0	0	0
0	0	0	0	0	0	0	0	0	0	0	0	0	1.2439	0	0	1.1236	0	0	0	2.9256	0	0	0	0	0	0	0	0	0	0	0	0	0	2.1776	0	0	0	0	0	0	2.6244	0	0	0	0	2.2402	0	0	0	0	0	0	1.2961	0	0	0	0	0	2.1674	0	0	0	0	2.8636	0	0	0	0	0	0	0	0	0	0	0	1.6534	0	0	0	0	0	0	0	0	0	0	0	0	0	0	0	0	2.2732	0	0	0	0	0	0
0	0	0	0	0	0	0	0	0	0	0	0	0	0	0	0	1.1236	0	0	0	0	0	0	0	0	0	0	0	0	0	0	0	0	0	0	0	0	0	0	0	0	0	0	0	0	0	0	0	2.5667	1.6999	0	0	0	0	0	2.5819	0	0	0	0	2.7364	0	0	0	0	0	0	0	0	0	2.7935	0	0	0	0	0	0	1.5554	2.0733	0	0	0	0	0	0	0	0	2.2671	2.6124	1.1196	0	0	0	0	0	0	0	0	0	0
0	0	0	0	0	0	0	0	0	0	0	0	0	0	2.9012	0	0	0	0	0	0	0	0	0	0	2.1661	0	0	0	0	0	0	0	0	0	0	0	0	0	0	0	0	0	0	0	0	0	1.0575	0	0	0	0	0	0	0	0	0	2.9033	0	0	0	1.1973	0	0	0	0	0	1.5699	0	0	0	0	0	0	0	0	0	0	2.0733	0	0	0	0	0	0	0	2.5073	0	2.6124	0	0	0	0	2.2732	0	0	0	0	1.0503	0
0	0	0	0	0	2.8848	0	0	0	0	0	0	0	0	2.9012	0	0	2.0197	0	0	0	0	1.935	0	0	0	0	0	0	0	0	0	0	0	0	0	0	0	0	0	0	0	0	0	2.6094	0	0	0	0	0	0	2.886	0	0	0	0	0	0	2.481	0	0	0	0	0	0	0	1.339	0	0	0	0	0	1.5993	0	0	0	0	0	0	1.536	1.3617	0	0	0	0	0	0	0	0	0	0	0	0	0	0	0	0	0	0	0
0	0	0	0	0	0	0	0	2.1752	0	0	0	0	0	0	0	0	0	0	0	0	0	0	0	0	0	0	0	0	0	0	0	0	0	2.1776	0	0	0	0	0	0	0	0	0	0	0	0	0	0	0	0	0	0	1.2961	0	2.5819	0	0	2.481	0	0	1.1973	0	0	0	0	0	1.5699	0	0	0	0	0	0	0	1.6418	0	0	0	0	1.3617	0	0	0	0	0	0	0	2.6124	0	0	0	0	0	0	0	1.4796	0	0	0
0	0	0	0	0	0	0	2.2296	0	0	0	0	0	0	0	0	0	0	2.5606	0	0	0	0	0	0	0	0	0	0	0	0	0	0	0	0	0	0	0	0	2.4692	0	0	0	0	0	0	0	0	0	0	0	0	0	0	2.9231	0	0	0	0	0	0	0	2.8366	0	0	0	0	0	0	0	0	0	0	0	0	0	0	1.5554	0	1.536	0	1.8023	0	0	1.9473	0	0	2.2671	0	0	0	0	0	0	0	0	0	2.8661	0	0
0	2.9149	0	0	0	2.8848	1.2179	0	0	0	0	0	0	0	0	0	1.1236	0	0	0	0	0	0	0	0	0	0	0	0	0	0	0	0	0	0	0	0	0	0	0	0	0	0	0	0	0	0	0	0	0	0	2.886	0	0	0	2.5819	1.4149	0	2.481	0	2.7364	0	0	0	0	0	0	0	0	0	0	0	0	0	0	0	0	0	0	0	0	1.8023	1.4897	0	0	0	0	0	0	0	0	0	0	0	0	0	0	0	0	0
0	0	0	2.4388	0	0	0	0	0	0	0	0	0	0	0	0	0	0	2.5606	0	0	0	1.935	0	0	0	0	0	0	0	0	0	0	0	0	0	0	0	0	0	0	0	0	2.9813	0	0	0	0	0	0	0	2.886	0	0	2.9231	0	0	0	2.481	0	0	0	0	0	0	0	0	0	0	0	0	0	0	0	0	0	0	0	0	0	0	1.8023	0	2.7765	0	0	0	0	0	0	0	2.0024	0	2.2732	0	0	0	0	0	0
0	0	0	0	0	0	0	0	0	0	0	0	2.2213	0	0	0	0	2.0197	0	0	0	0	1.935	0	0	0	0	0	0	0	0	0	0	0	0	0	0	0	0	0	0	0	0	0	0	1.2806	2.2402	0	0	0	0	0	0	0	0	0	0	0	0	0	0	1.1973	0	0	0	0	1.339	0	0	0	0	0	0	0	0	0	1.6534	0	0	0	0	0	0	0	1.9473	0	0	0	0	0	0	0	1.8675	0	0	0	1.4796	0	0	0
0	0	0	0	0	0	0	0	0	0	0	0	0	0	2.9012	0	0	0	2.5606	0	0	0	0	0	0	0	0	0	0	0	0	0	0	0	0	0	2.5698	0	0	0	0	0	0	0	0	0	0	0	0	0	0	0	0	0	2.9231	0	0	0	2.481	0	0	0	0	0	0	0	0	0	0	0	0	0	0	0	0	0	0	0	0	0	0	0	0	2.7765	1.9473	1.7559	2.5073	0	0	0	0	0	0	2.2732	1.964	0	0	0	0	0
0	0	0	0	0	0	0	0	0	0	0	0	0	0	0	0	0	2.0197	0	0	0	0	0	0	0	0	0	0	0	0	0	0	0	0	0	0	0	0	0	0	0	0	0	0	0	0	0	0	0	0	0	0	0	0	0	0	0	2.9033	2.481	2.1674	0	0	0	0	0	0	0	0	0	0	0	0	0	0	0	0	1.6534	0	0	0	1.3617	0	0	0	0	1.7559	2.5073	0	0	1.1196	0	2.0024	0	0	0	0	0	0	0	1.6067
0	2.9149	0	2.4388	0	0	0	0	2.1752	0	0	0	0	0	0	0	0	0	2.5606	0	0	0	0	0	0	0	2.9755	0	0	0	0	0	0	0	0	0	0	0	0	0	0	0	0	0	0	0	0	0	0	0	0	0	0	0	0	0	0	0	0	0	0	0	0	0	0	0	1.339	0	0	0	0	0	0	0	0	0	0	0	0	1.536	0	0	0	0	0	0	0	2.2671	2.6124	0	0	0	1.8675	0	0	0	0	0	0	1.6067
0	0	0	0	0	0	0	0	0	0	0	0	0	0	0	0	0	0	0	0	0	0	0	0	0	0	2.9755	0	0	0	0	0	0	2.5605	2.1776	0	0	2.5922	0	0	0	0	0	0	0	0	0	0	0	0	0	0	0	1.2961	0	0	0	0	0	0	0	0	0	0	0	0	0	0	0	0	0	0	0	0	0	0	0	0	0	0	1.3617	1.8023	0	2.7765	1.9473	0	0	0	2.6124	0	1.0909	0	0	0	0	0	0	0	0	0
0	0	0	0	0	0	0	0	0	0	0	0	0	0	0	0	0	0	0	0	0	1.1809	0	1.661	0	0	0	0	0	2.6446	0	0	0	2.5605	0	0	0	0	0	0	0	2.6244	0	0	0	0	0	0	0	0	0	0	0	0	0	0	0	0	0	0	0	1.1973	0	0	0	2.6877	0	1.5699	0	0	0	0	0	0	0	0	0	0	0	0	0	0	0	0	0	0	0	0	0	1.1196	0	0	1.8675	0	0	0	1.4796	0	0	0
2.054	0	0	0	0	0	0	0	0	0	0	0	0	0	0	0	0	0	0	0	0	0	0	0	0	0	0	0	0	0	0	0	2.3141	0	2.1776	1.73	0	0	0	0	0	0	0	0	0	0	0	1.0575	0	0	0	0	2.9373	0	0	0	0	0	0	0	0	1.1973	0	0	0	0	0	1.5699	0	0	0	0	0	0	0	0	0	1.5554	0	0	0	1.8023	0	0	0	0	0	0	0	0	1.0909	0	0	0	0	0	0	0	0	0
0	0	0	0	0	0	0	0	0	0	0	2.0933	0	0	0	0	0	0	0	0	0	0	0	1.661	0	0	0	0	1.9183	0	0	0	2.3141	2.5605	0	0	0	2.5922	0	0	0	0	0	0	2.6094	0	0	0	0	0	0	2.886	0	0	0	0	0	0	0	0	0	0	0	0	2.8636	0	0	0	0	0	0	0	0	0	0	0	0	0	0	0	0	0	0	0	0	0	0	0	0	1.1196	0	2.0024	0	0	0	0	0	0	0	0
0	0	0	0	0	0	0	0	2.1752	0	0	0	0	0	0	0	0	0	0	0	0	0	0	0	0	0	2.9755	0	0	0	0	0	0	0	0	0	0	0	0	0	0	0	0	2.9813	0	0	0	1.0575	0	0	0	0	0	0	0	0	0	0	0	0	2.7364	0	0	0	0	0	0	0	0	0	0	0	0	0	0	0	1.6534	0	0	0	0	0	0	0	0	0	0	2.2671	0	0	1.0909	0	1.8675	2.2732	0	0	0	2.8661	0	0
0	0	0	2.4388	0	0	1.2179	0	0	0	0	0	0	0	0	2.8648	0	0	0	0	0	0	0	0	0	0	0	0	0	0	0	0	2.3141	0	0	0	0	0	0	0	0	0	0	0	0	0	2.2402	0	0	0	1.8373	0	0	0	0	0	0	0	0	0	0	0	0	0	0	0	0	0	0	0	0	0	1.5993	0	0	0	1.6534	0	0	0	0	0	0	0	0	0	2.5073	0	2.6124	0	0	0	0	2.2732	0	0	0	0	0	0
0	0	0	0	0	0	0	0	0	1.8168	0	0	0	1.2439	2.9012	0	0	0	0	0	0	0	0	0	0	2.1661	0	1.6004	0	0	0	0	0	0	0	0	0	0	0	0	0	0	0	0	0	0	0	0	0	0	0	0	0	0	0	2.5819	0	0	2.481	0	0	0	0	0	0	0	0	0	0	0	0	0	0	0	0	0	0	0	0	0	0	0	0	0	1.9473	0	0	0	0	0	1.0909	0	0	0	1.964	0	0	0	0	1.6067
0	0	0	2.4388	0	0	0	0	0	0	0	0	0	0	0	0	0	0	0	0	0	0	0	0	0	0	0	0	0	2.6446	0	0	0	0	0	0	0	0	0	0	0	0	0	0	0	0	0	0	0	0	1.8373	0	0	0	0	0	0	0	2.481	2.1674	0	0	0	0	0	0	0	0	0	0	0	2.8643	0	0	0	0	0	1.5554	0	0	0	0	0	0	0	0	2.5073	0	0	0	1.0909	0	0	0	0	1.3589	0	0	1.0503	0
0	0	0	0	0	0	0	2.2296	0	1.8168	0	2.0933	0	0	0	0	0	0	0	0	2.9256	1.1809	0	0	0	0	0	0	0	0	0	0	0	0	0	0	0	0	0	0	0	0	2.2229	0	0	0	0	0	0	0	0	0	0	0	0	0	0	0	0	2.1674	0	1.1973	0	0	0	0	0	0	0	0	0	0	0	0	0	0	0	0	0	1.536	0	0	0	0	0	0	0	0	0	0	0	0	0	0	0	0	1.4796	2.8661	0	0
0	0	1.9734	2.4388	2.7969	0	0	0	0	0	0	0	0	0	0	0	0	0	0	0	0	0	0	1.661	0	0	0	0	0	0	0	0	0	0	0	0	0	0	0	0	0	0	0	0	0	0	0	0	0	0	1.8373	0	0	0	0	0	0	0	0	0	0	1.1973	0	2.413	0	0	0	0	0	0	0	0	0	0	0	0	1.6534	1.5554	0	0	0	0	0	0	0	0	0	0	0	0	0	0	1.8675	0	0	0	0	2.8661	0	0
0	0	0	2.4388	0	2.8848	0	0	0	0	0	0	0	0	0	0	0	0	0	0	2.9256	0	0	0	0	0	0	0	0	0	0	0	0	0	0	0	0	0	0	0	0	0	0	0	2.6094	0	0	0	0	0	1.8373	0	2.9373	0	0	0	0	0	0	0	0	1.1973	0	0	0	0	0	0	0	1.4168	0	0	0	0	0	0	0	0	0	0	0	1.8023	0	0	0	0	2.5073	0	0	0	0	0	0	0	0	0	0	0	1.0503	0
0	0	0	0	0	0	0	0	0	0	0	0	0	0	0	0	0	0	0	1.5549	0	0	1.935	0	0	0	0	0	0	2.6446	0	0	0	2.5605	0	0	2.5698	0	0	0	0	0	0	0	0	0	0	0	0	0	0	0	2.9373	0	0	0	0	0	0	0	0	0	0	0	0	0	0	0	0	0	0	2.8643	0	0	0	0	0	0	0	0	0	0	1.4897	0	0	1.7559	0	0	0	0	0	0	1.8675	0	0	0	0	0	0	1.6067
0.8997	0.0703	0.4134	0.2669	0.637	0.8948	0.5738	0.8435	0.6642	0.2941	0.7507	0.4832	0.166	0.5569	0.265	0.3781	0.0204	0.6028	0.4374	0.2704	0.1168	0.773	0.1323	0.7548	0.7275	0.9376	0.5388	0.5901	0.0185	0.7102	0.1754	0.7435	0.3109	0.1915	0.687	0.5708	0.8852	0.6716	0.9975	0.5375	0.0334	0.5185	0.5075	0.8097	0.5231	0.6501	0.3751	0.9482	0.8896	0.8679	0.1187	0.187	0.2989	0.3571	0.4438	0.3999	0.8806	0.7784	0.1043	0.3477	0.7102	0.2894	0.98	0.3431	0.537	0.9762	0.7181	0.9201	0.2765	0.7745	0.2251	0.5023	0.6041	0.5032	0.2783	0.6912	0.1772	0.6865	0.4317	0.9402	0.3167	0.4388	0.0164	0.1617	0.0238	0.0121	0.5168	0.2989	0.5377	0.5943	0.6286	0.5842	0.0544	0.7241	0.4947	0.1118	0.9791	0.5474	0.5973	0.9873
0.3320212181575013 0.6962600344636639 0.5039628692039055 0.3530542347136799 0.4654167976600241 0.20233415243324782 0.21282513416604554 0.8073270085443618 0.4388951235606652 0.2513491825268618 0.07715141774936296 0.24417134829265397 0.7235206562055904 0.15031147026701897 0.12414039669452726 0.7403252705159067 0.22024084110583741 0.37078565653672535 0.06378966160494748 0.8459012762532654 0.6404299195956152 0.43757522111723623 0.3008391206626553 0.14702600880394023 0.22630153869971292 0.40922736377208413 0.9630762313038032 0.10820788697936023 0.8424490464766335 0.6691604802137643 0.2877177953951636 0.9717701941425546 0.9003762534471285 0.0928504921639024 0.1699689422022812 0.4705500524404762 0.5972289539830998 0.24049202258961166 0.10984143014010594 0.9475594365583266 0.7716775952867506 0.5946106923822709 0.8405958996508163 0.7632859994660104 0.1080264525319008 0.7418161566469986 0.46520547002581625 0.09479829799865591 0.9108922073304841 0.27997165177782257 0.6716263200229661 0.9769493252579885 0.15913617527348167 0.5982567199987558 0.7486111220892799 0.02223810468562626 0.34252051672756423 0.6555628293700495 0.7885854529393209 0.14476606988941498 0.263754294907535 0.4229631962315368 0.7482218601401331 0.972550969013535 0.27827892805347276 0.1836482496807389 0.5086659656304391 0.5682290673054009 0.684814028538335 0.7973971912370935 0.38722439460937386 0.9499950301466005 0.386491528040279 0.9400188156727112 0.41267609179512765 0.11783759151634543 0.3607994326644526 0.49651899864478577 0.652206749897188 0.4820475327300281 0.4359636665816147 0.612463351326168 0.8556897169654941 0.05979641108986966 0.5700118085455659 0.30726701391063793 0.1962784626388162 0.2524922131862122 0.2426884398867426 0.551888306025524 0.9681217435332363 0.32291654428047456 0.8215342708505918 0.5085435582198277 0.028476119266754196 0.5785143116550799 0.024795143102473882 0.824069252855927 0.7924065856723562 0.42120461295720146 